14798
14
2902
2902
0 1  1  8  864 10 (D,0,1,1) (S,14,1,2) (S,22,2,3) (S,23,3,4) (S,21,4,2) (S,95,2,69) (S,94,69,69) (S,83,69,59) (S,8,59,50) (D,0,1,1) 
0 1  2  9  791 11 (D,0,1,1) (S,24,1,5) (S,9,5,5) (S,27,5,8) (S,26,8,7) (S,25,7,6) (S,28,6,9) (S,29,9,10) (S,30,10,12) (S,74,12,52) (D,0,1,1) 
0 1  3  9  988 11 (D,0,1,1) (S,93,1,69) (S,85,69,60) (S,91,60,66) (S,88,66,63) (S,89,63,64) (S,90,64,65) (S,15,65,65) (S,80,65,56) (S,3,56,42) (D,0,1,1) 
0 1  4 13  834 15 (D,0,1,1) (S,107,1,59) (S,68,59,46) (S,67,46,46) (S,66,46,45) (S,69,45,47) (S,73,47,51) (S,4,51,51) (S,106,51,51) (S,41,51,22) (S,20,22,24) (S,43,24,24) (S,75,24,53) (S,77,53,54) (D,0,1,1) 
0 1  5  5 1162  7 (D,0,1,1) (S,84,1,59) (S,87,59,62) (S,92,62,68) (S,86,68,61) (S,62,61,40) (D,0,1,1) 
0 1  6 13 1051 15 (D,0,1,1) (S,71,1,49) (S,72,49,50) (S,76,50,53) (S,70,53,48) (S,42,48,75) (S,7,75,75) (S,45,75,75) (S,51,75,29) (S,6,29,29) (S,50,29,29) (S,46,29,26) (S,102,26,75) (S,103,75,76) (D,0,1,1) 
0 1  7 11 1050 13 (D,0,1,1) (S,31,1,16) (S,12,16,16) (S,5,16,13) (S,33,13,14) (S,10,14,15) (S,104,15,77) (S,34,77,77) (S,32,77,16) (S,99,16,73) (S,19,73,73) (S,98,73,73) (D,0,1,1) 
0 1  8  6 1098  8 (D,0,1,1) (S,11,1,76) (S,101,76,72) (S,100,72,74) (S,97,74,72) (S,39,72,20) (S,35,20,17) (D,0,1,1) 
0 1  9  7 1053  9 (D,0,1,1) (S,105,1,77) (S,36,77,18) (S,79,18,50) (S,78,50,53) (S,44,53,25) (S,49,25,28) (S,48,28,27) (D,0,1,1) 
0 1 10  7 1048  9 (D,0,1,1) (S,82,1,58) (S,81,58,57) (S,17,57,43) (S,18,43,41) (S,64,41,41) (S,63,41,39) (S,16,39,37) (D,0,1,1) 
0 1 11  4 1027  6 (D,0,1,1) (S,65,1,44) (S,40,44,21) (S,38,21,20) (S,37,20,19) (D,0,1,1) 
0 1 12  7 1191  9 (D,0,1,1) (S,53,1,31) (S,2,31,31) (S,52,31,31) (S,47,31,26) (S,1,26,27) (S,54,27,32) (S,58,32,36) (D,0,1,1) 
0 1 13  4 1171  6 (D,0,1,1) (S,61,1,39) (S,60,39,38) (S,59,38,37) (S,57,37,35) (D,0,1,1) 
0 1 14  4 1470  6 (D,0,1,1) (S,56,1,34) (S,13,34,34) (S,55,34,33) (S,96,33,71) (D,0,1,1) 
