771
8
609
609
0 1  1  4   76  6 (D,0,1,1) (S,40,1,19) (S,10,19,19) (S,11,19,20) (S,12,20,21) (D,0,1,1) 
0 1  2  7   87  9 (D,0,1,1) (S,2,1,5) (S,32,5,9) (S,15,9,9) (S,16,9,4) (S,30,4,4) (S,27,4,5) (S,31,5,17) (D,0,1,1) 
0 1  3  6   86  8 (D,0,1,1) (S,18,1,11) (S,6,11,11) (S,3,11,6) (S,35,6,7) (S,44,7,5) (S,38,5,17) (D,0,1,1) 
0 1  4  6  103  8 (D,0,1,1) (S,28,1,19) (S,36,19,21) (S,25,21,21) (S,21,21,24) (S,46,24,15) (S,9,15,17) (D,0,1,1) 
0 1  5  8  101 10 (D,0,1,1) (S,41,1,9) (S,22,9,10) (S,5,10,10) (S,1,10,2) (S,14,2,5) (S,42,5,1) (S,39,1,15) (S,48,15,16) (D,0,1,1) 
0 1  6  5  117  7 (D,0,1,1) (S,24,1,20) (S,8,20,15) (S,37,15,21) (S,23,21,23) (S,4,23,7) (D,0,1,1) 
0 1  7  7   99  9 (D,0,1,1) (S,20,1,11) (S,17,11,13) (S,26,13,13) (S,34,13,12) (S,7,12,12) (S,29,12,11) (S,45,11,17) (D,0,1,1) 
0 1  8  5  102  7 (D,0,1,1) (S,43,1,14) (S,19,14,18) (S,47,18,15) (S,13,15,14) (S,33,14,8) (D,0,1,1) 
