1094
9
2073
2073
0 1  1 10  116 12 (D,0,1,1) (S,3,1,5) (S,22,5,2) (S,1,2,2) (S,50,2,2) (S,27,2,10) (S,6,10,9) (S,64,9,15) (S,65,15,2) (S,55,2,10) (S,4,10,7) (D,0,1,1) 
0 1  2  6  100  8 (D,0,1,1) (S,29,1,8) (S,5,8,8) (S,36,8,13) (S,8,13,12) (S,46,12,8) (S,52,8,16) (D,0,1,1) 
0 1  3  8  120 10 (D,0,1,1) (S,47,1,9) (S,51,9,9) (S,10,9,15) (S,28,15,19) (S,12,19,18) (S,54,18,15) (S,32,15,15) (S,9,15,14) (D,0,1,1) 
0 1  4  6  114  8 (D,0,1,1) (S,44,1,14) (S,39,14,14) (S,41,14,13) (S,62,13,11) (S,7,11,11) (S,11,11,16) (D,0,1,1) 
0 1  5 11  126 13 (D,0,1,1) (S,30,1,19) (S,34,19,22) (S,16,22,25) (S,20,25,30) (S,63,30,25) (S,38,25,29) (S,19,29,29) (S,37,29,22) (S,49,22,29) (S,53,29,29) (S,48,29,21) (D,0,1,1) 
0 1  6  9  143 11 (D,0,1,1) (S,45,1,17) (S,35,17,15) (S,31,15,18) (S,33,18,25) (S,17,25,26) (S,21,26,30) (S,57,30,18) (S,60,18,11) (S,56,11,12) (D,0,1,1) 
0 1  7  6  134  8 (D,0,1,1) (S,59,1,4) (S,2,4,4) (S,42,4,12) (S,40,12,16) (S,14,16,21) (S,43,21,7) (D,0,1,1) 
0 1  8  6  130  8 (D,0,1,1) (S,25,1,8) (S,58,8,11) (S,13,11,20) (S,23,20,28) (S,18,28,28) (S,26,28,27) (D,0,1,1) 
0 1  9  3  111  5 (D,0,1,1) (S,61,1,29) (S,15,29,23) (S,24,23,28) (D,0,1,1) 
