27130
12
2677
2677
0 1  1  8 2286 10 (D,0,1,1) (S,1,1,2) (S,8,2,9) (S,15,9,17) (S,14,17,16) (S,24,16,26) (S,74,26,1) (S,2,1,3) (S,19,3,21) (D,0,1,1) 
0 1  2  7 2158  9 (D,0,1,1) (S,3,1,4) (S,4,4,5) (S,72,5,11) (S,10,11,11) (S,11,11,12) (S,73,12,5) (S,17,5,19) (D,0,1,1) 
0 1  3  8 2271 10 (D,0,1,1) (S,16,1,18) (S,25,18,27) (S,67,27,19) (S,18,19,20) (S,75,20,20) (S,66,20,12) (S,9,12,10) (S,31,10,34) (D,0,1,1) 
0 1  4  7 2294  9 (D,0,1,1) (S,29,1,32) (S,30,32,33) (S,32,33,35) (S,33,35,36) (S,34,36,37) (S,35,37,38) (S,26,38,28) (D,0,1,1) 
0 1  5  7 2215  9 (D,0,1,1) (S,42,1,45) (S,43,45,46) (S,51,46,55) (S,71,55,56) (S,52,56,56) (S,60,56,64) (S,59,64,63) (D,0,1,1) 
0 1  6  8 2463 10 (D,0,1,1) (S,76,1,48) (S,45,48,48) (S,46,48,49) (S,53,49,57) (S,70,57,64) (S,81,64,55) (S,44,55,47) (S,47,47,50) (D,0,1,1) 
0 1  7  7 2377  9 (D,0,1,1) (S,5,1,6) (S,20,6,22) (S,68,22,38) (S,36,38,39) (S,77,39,40) (S,22,40,24) (S,28,24,31) (D,0,1,1) 
0 1  8  7 2446  9 (D,0,1,1) (S,69,1,48) (S,54,48,58) (S,55,58,59) (S,62,59,66) (S,79,66,50) (S,48,50,51) (S,38,51,41) (D,0,1,1) 
0 1  9  6 2332  8 (D,0,1,1) (S,58,1,62) (S,80,62,54) (S,61,54,65) (S,82,65,66) (S,63,66,67) (S,56,67,60) (D,0,1,1) 
0 1 10  8 2491 10 (D,0,1,1) (S,6,1,7) (S,12,7,14) (S,13,14,15) (S,7,15,8) (S,23,8,25) (S,41,25,44) (S,40,44,43) (S,50,43,53) (D,0,1,1) 
0 1 11  6 2467  8 (D,0,1,1) (S,21,1,23) (S,27,23,29) (S,37,29,40) (S,39,40,42) (S,49,42,52) (S,65,52,69) (D,0,1,1) 
0 1 12  3 1330  5 (D,0,1,1) (S,78,1,50) (S,57,50,61) (S,64,61,68) (D,0,1,1) 
