1203
9
1342
1342
0 1  1 12  121 14 (D,0,1,1) (S,4,1,6) (S,57,6,7) (S,5,7,7) (S,56,7,13) (S,10,13,12) (S,68,12,7) (S,27,7,19) (S,12,19,19) (S,26,19,13) (S,11,13,14) (S,49,14,9) (S,2,9,3) (D,0,1,1) 
0 1  2 13  128 15 (D,0,1,1) (S,74,1,7) (S,32,7,14) (S,76,14,21) (S,13,21,21) (S,73,21,20) (S,15,20,26) (S,65,26,20) (S,81,20,26) (S,86,26,19) (S,63,19,30) (S,19,30,30) (S,18,30,29) (S,82,29,29) (D,0,1,1) 
0 1  3  9  127 11 (D,0,1,1) (S,44,1,18) (S,64,18,12) (S,70,12,20) (S,84,20,14) (S,29,14,22) (S,30,22,28) (S,17,28,28) (S,22,28,34) (S,20,34,32) (D,0,1,1) 
0 1  4 11  136 13 (D,0,1,1) (S,38,1,12) (S,36,12,25) (S,33,25,31) (S,71,31,27) (S,16,27,27) (S,31,27,31) (S,75,31,32) (S,59,32,28) (S,77,28,24) (S,14,24,24) (S,40,24,24) (D,0,1,1) 
0 1  5 12  156 14 (D,0,1,1) (S,43,1,6) (S,35,6,2) (S,1,2,2) (S,6,2,8) (S,24,8,15) (S,51,15,9) (S,7,9,9) (S,8,9,10) (S,46,10,4) (S,47,4,2) (S,48,2,15) (S,42,15,23) (D,0,1,1) 
0 1  6  9  148 11 (D,0,1,1) (S,34,1,13) (S,45,13,29) (S,23,29,30) (S,50,30,25) (S,37,25,26) (S,85,26,15) (S,41,15,22) (S,83,22,34) (S,72,34,28) (D,0,1,1) 
0 1  7  7  136  9 (D,0,1,1) (S,53,1,11) (S,9,11,11) (S,54,11,4) (S,3,4,4) (S,55,4,10) (S,79,10,23) (S,60,23,27) (D,0,1,1) 
0 1  8 12  178 14 (D,0,1,1) (S,25,1,16) (S,80,16,24) (S,78,24,17) (S,62,17,15) (S,28,15,17) (S,52,17,11) (S,61,11,11) (S,66,11,5) (S,58,5,17) (S,67,17,10) (S,39,10,10) (S,69,10,11) (D,0,1,1) 
0 1  9  1   73  3 (D,0,1,1) (S,21,1,33) (D,0,1,1) 
