955
9
1801
1801
0 1  1 12   90 14 (D,0,1,1) (S,1,1,2) (S,4,2,6) (S,55,6,6) (S,66,6,3) (S,5,3,7) (S,10,7,13) (S,54,13,6) (S,9,6,12) (S,51,12,7) (S,72,7,18) (S,13,18,18) (S,46,18,13) (D,0,1,1) 
0 1  2 13  102 15 (D,0,1,1) (S,31,1,36) (S,79,36,38) (S,22,38,38) (S,58,38,37) (S,47,37,30) (S,18,30,31) (S,71,31,30) (S,53,30,37) (S,45,37,31) (S,73,31,36) (S,56,36,3) (S,59,3,4) (S,43,4,6) (D,0,1,1) 
0 1  3 11   99 13 (D,0,1,1) (S,60,1,11) (S,8,11,11) (S,78,11,40) (S,24,40,40) (S,39,40,6) (S,75,6,11) (S,11,11,16) (S,68,16,9) (S,50,9,10) (S,80,10,8) (S,63,8,16) (D,0,1,1) 
0 1  4  7   95  9 (D,0,1,1) (S,35,1,16) (S,65,16,10) (S,7,10,10) (S,6,10,8) (S,44,8,40) (S,21,40,35) (S,20,35,34) (D,0,1,1) 
0 1  5 10  108 12 (D,0,1,1) (S,57,1,28) (S,69,28,27) (S,17,27,27) (S,49,27,35) (S,36,35,35) (S,61,35,37) (S,77,37,37) (S,42,37,7) (S,2,7,4) (S,23,4,39) (D,0,1,1) 
0 1  6  7  124  9 (D,0,1,1) (S,30,1,14) (S,32,14,15) (S,41,15,36) (S,37,36,36) (S,34,36,30) (S,64,30,38) (S,3,38,5) (D,0,1,1) 
0 1  7  7  114  9 (D,0,1,1) (S,19,1,33) (S,40,33,34) (S,48,34,28) (S,16,28,26) (S,76,26,33) (S,81,33,21) (S,82,21,22) (D,0,1,1) 
0 1  8 10   95 12 (D,0,1,1) (S,28,1,17) (S,12,17,17) (S,29,17,22) (S,67,22,24) (S,38,24,25) (S,25,25,25) (S,74,25,21) (S,52,21,20) (S,14,20,20) (S,26,20,23) (D,0,1,1) 
0 1  9  5  128  7 (D,0,1,1) (S,33,1,19) (S,15,19,23) (S,70,23,39) (S,62,39,31) (S,27,31,39) (D,0,1,1) 
