46663
9
606298
606298
0 1  1 57 3123 59 (D,0,507,507) (S,238,507,238) (S,47,238,47) (S,95,47,95) (S,321,95,36) (S,36,36,36) (S,314,36,7) (S,7,7,7) (S,349,7,358) (S,64,358,64) (S,79,64,79) (S,92,79,92) (S,328,92,329) (S,27,329,27) (S,90,27,90) (S,61,90,61) (S,312,61,314) (S,44,314,44) (S,60,44,60) (S,71,60,71) (S,89,71,89) (S,310,89,313) (S,354,313,340) (S,343,340,350) (S,54,350,54) (S,326,54,97) (S,97,97,97) (S,66,97,66) (S,96,66,96) (S,352,96,234) (S,234,234,234) (S,73,234,73) (S,341,73,75) (S,75,75,75) (S,77,75,77) (S,351,77,234) (S,34,234,34) (S,316,34,319) (S,348,319,346) (S,56,346,56) (S,340,56,74) (S,74,74,74) (S,333,74,56) (S,76,56,76) (S,347,76,76) (S,53,76,53) (S,223,53,223) (S,30,223,30) (S,50,30,50) (S,62,50,62) (S,353,62,340) (S,57,340,57) (S,51,57,51) (S,98,51,98) (S,85,98,85) (S,82,85,82) (S,13,82,13) (S,86,13,86) (D,0,507,507) 
0 1  2 53 3573 55 (D,0,507,507) (S,19,507,19) (S,16,19,16) (S,48,16,48) (S,49,48,49) (S,360,49,368) (S,228,368,228) (S,227,228,227) (S,330,227,322) (S,344,322,352) (S,46,352,46) (S,67,46,67) (S,222,67,222) (S,31,222,31) (S,72,31,72) (S,313,72,22) (S,22,22,22) (S,203,22,203) (S,38,203,38) (S,15,38,15) (S,207,15,207) (S,52,207,52) (S,225,52,225) (S,226,225,226) (S,78,226,78) (S,63,78,63) (S,221,63,221) (S,361,221,63) (S,332,63,333) (S,32,333,32) (S,214,32,214) (S,215,214,215) (S,35,215,35) (S,230,35,230) (S,12,230,12) (S,11,12,11) (S,305,11,305) (S,335,305,229) (S,88,229,88) (S,80,88,80) (S,236,80,236) (S,58,236,58) (S,311,58,314) (S,70,314,70) (S,99,70,99) (S,100,99,100) (S,94,100,94) (S,87,94,87) (S,8,87,8) (S,28,8,28) (S,41,28,41) (S,93,41,93) (S,5,93,5) (S,29,5,29) (D,0,507,507) 
0 1  3 50 4549 52 (D,0,507,507) (S,59,507,59) (S,84,59,84) (S,83,84,83) (S,350,83,354) (S,42,354,42) (S,218,42,218) (S,17,218,17) (S,224,17,224) (S,212,224,212) (S,209,212,209) (S,20,209,20) (S,2,20,2) (S,3,2,3) (S,81,3,81) (S,18,81,18) (S,307,18,18) (S,358,18,365) (S,206,365,206) (S,216,206,216) (S,213,216,213) (S,205,213,205) (S,217,205,217) (S,24,217,24) (S,237,24,237) (S,211,237,211) (S,37,211,37) (S,23,37,23) (S,14,23,14) (S,210,14,210) (S,220,210,220) (S,68,220,68) (S,101,68,101) (S,4,101,4) (S,103,4,103) (S,323,103,325) (S,309,325,25) (S,25,25,25) (S,359,25,367) (S,232,367,232) (S,337,232,341) (S,327,341,329) (S,102,329,102) (S,6,102,6) (S,342,6,348) (S,26,348,26) (S,9,26,9) (S,318,9,317) (S,21,317,21) (S,39,21,39) (S,317,39,41) (D,0,507,507) 
0 1  4 32 4973 34 (D,0,507,507) (S,324,507,25) (S,322,25,323) (S,362,323,371) (S,363,371,373) (S,43,373,43) (S,204,43,204) (S,231,204,231) (S,303,231,303) (S,356,303,361) (S,233,361,233) (S,319,233,321) (S,320,321,204) (S,33,204,33) (S,336,33,339) (S,345,339,233) (S,304,233,231) (S,308,231,310) (S,45,310,45) (S,339,45,344) (S,40,344,40) (S,208,40,208) (S,91,208,91) (S,357,91,363) (S,69,363,69) (S,338,69,343) (S,306,343,307) (S,1,307,1) (S,235,1,235) (S,10,235,10) (S,55,10,55) (S,325,55,326) (S,196,326,196) (D,0,507,507) 
0 1  5 54 5998 56 (D,0,507,507) (S,346,507,354) (S,219,354,219) (S,331,219,331) (S,355,331,360) (S,229,360,229) (S,65,229,65) (S,329,65,43) (S,315,43,28) (S,334,28,336) (S,284,336,284) (S,148,284,148) (S,168,148,168) (S,187,168,187) (S,146,187,146) (S,156,146,156) (S,387,156,405) (S,391,405,409) (S,194,409,194) (S,195,194,195) (S,293,195,293) (S,189,293,189) (S,413,189,431) (S,285,431,285) (S,393,285,171) (S,171,171,171) (S,185,171,185) (S,200,185,200) (S,191,200,191) (S,295,191,295) (S,188,295,188) (S,392,188,200) (S,281,200,281) (S,201,281,201) (S,395,201,412) (S,166,412,166) (S,177,166,177) (S,167,177,167) (S,294,167,294) (S,398,294,415) (S,397,415,416) (S,409,416,421) (S,403,421,422) (S,153,422,153) (S,290,153,290) (S,155,290,155) (S,157,155,157) (S,289,157,289) (S,118,289,118) (S,141,118,141) (S,142,141,142) (S,190,142,190) (S,176,190,176) (S,422,176,175) (S,170,175,170) (D,0,507,507) 
0 1  6 54 5522 56 (D,0,507,507) (S,144,507,144) (S,181,144,181) (S,404,181,178) (S,178,178,178) (S,172,178,172) (S,174,172,174) (S,399,174,188) (S,420,188,432) (S,197,432,197) (S,414,197,433) (S,283,433,283) (S,421,283,442) (S,193,442,193) (S,186,193,186) (S,390,186,143) (S,143,143,143) (S,199,143,199) (S,384,199,401) (S,198,401,198) (S,140,198,140) (S,175,140,175) (S,277,175,277) (S,296,277,296) (S,378,296,277) (S,383,277,140) (S,400,140,176) (S,179,176,179) (S,412,179,174) (S,202,174,202) (S,407,202,179) (S,149,179,149) (S,158,149,158) (S,386,158,403) (S,154,403,154) (S,192,154,192) (S,184,192,184) (S,415,184,435) (S,396,435,414) (S,300,414,300) (S,162,300,162) (S,418,162,439) (S,278,439,278) (S,298,278,298) (S,401,298,419) (S,299,419,299) (S,161,299,161) (S,165,161,165) (S,183,165,183) (S,163,183,163) (S,145,163,145) (S,138,145,138) (S,164,138,164) (S,169,164,169) (S,133,169,133) (D,0,507,507) 
0 1  7 66 7768 68 (D,0,507,507) (S,147,507,147) (S,282,147,282) (S,291,282,291) (S,280,291,280) (S,152,280,152) (S,297,152,297) (S,173,297,173) (S,372,173,388) (S,302,388,302) (S,126,302,126) (S,123,126,123) (S,125,123,125) (S,258,125,258) (S,124,258,124) (S,411,124,387) (S,373,387,389) (S,301,389,301) (S,137,301,137) (S,160,137,160) (S,159,160,159) (S,286,159,286) (S,279,286,279) (S,151,279,151) (S,394,151,402) (S,385,402,398) (S,379,398,397) (S,410,397,287) (S,287,287,287) (S,388,287,287) (S,405,287,425) (S,408,425,180) (S,180,180,180) (S,419,180,440) (S,371,440,386) (S,121,386,121) (S,369,121,259) (S,259,259,259) (S,248,259,248) (S,104,248,104) (S,106,104,106) (S,247,106,247) (S,253,247,253) (S,246,253,246) (S,239,246,239) (S,243,239,243) (S,240,243,240) (S,249,240,249) (S,252,249,252) (S,251,252,251) (S,263,251,263) (S,120,263,120) (S,262,120,262) (S,260,262,260) (S,122,260,122) (S,261,122,261) (S,119,261,119) (S,150,119,150) (S,292,150,292) (S,288,292,288) (S,380,288,397) (S,402,397,420) (S,139,420,139) (S,113,139,113) (S,115,113,115) (S,136,115,136) (S,135,136,135) (D,0,507,507) 
0 1  8 52 7294 54 (D,0,507,507) (S,182,507,182) (S,381,182,398) (S,406,398,398) (S,389,398,408) (S,382,408,400) (S,416,400,418) (S,417,418,436) (S,264,436,264) (S,250,264,250) (S,370,250,384) (S,130,384,130) (S,273,130,273) (S,132,273,132) (S,375,132,132) (S,274,132,274) (S,127,274,127) (S,267,127,267) (S,268,267,268) (S,128,268,128) (S,271,128,271) (S,270,271,270) (S,134,270,134) (S,269,134,269) (S,266,269,266) (S,275,266,275) (S,131,275,131) (S,272,131,272) (S,265,272,265) (S,107,265,107) (S,108,107,108) (S,365,108,376) (S,116,376,116) (S,367,116,379) (S,256,379,256) (S,257,256,257) (S,117,257,117) (S,254,117,254) (S,364,254,110) (S,110,110,110) (S,368,110,381) (S,241,381,241) (S,109,241,109) (S,242,109,242) (S,255,242,255) (S,112,255,112) (S,376,112,393) (S,129,393,129) (S,276,129,276) (S,366,276,245) (S,245,245,245) (S,111,245,111) (S,114,111,114) (D,0,507,507) 
0 1  9  4 3863  6 (D,0,507,507) (S,244,507,244) (S,377,244,395) (S,374,395,391) (S,105,391,105) (D,0,507,507) 
