259
7
641
641
0 1  1  5   44  7 (D,0,1,1) (S,16,1,9) (S,3,9,4) (S,33,4,11) (S,6,11,7) (S,2,7,3) (D,0,1,1) 
0 1  2  6   45  8 (D,0,1,1) (S,27,1,9) (S,19,9,9) (S,38,9,7) (S,20,7,11) (S,21,11,4) (S,1,4,2) (D,0,1,1) 
0 1  3  5   34  7 (D,0,1,1) (S,5,1,6) (S,37,6,9) (S,18,9,6) (S,25,6,8) (S,36,8,11) (D,0,1,1) 
0 1  4  7   38  9 (D,0,1,1) (S,32,1,9) (S,15,9,10) (S,17,10,11) (S,23,11,10) (S,29,10,7) (S,35,7,9) (S,30,9,8) (D,0,1,1) 
0 1  5  6   36  8 (D,0,1,1) (S,4,1,5) (S,22,5,8) (S,28,8,11) (S,34,11,5) (S,24,5,3) (S,26,3,11) (D,0,1,1) 
0 1  6  4   34  6 (D,0,1,1) (S,13,1,8) (S,31,8,10) (S,8,10,4) (S,9,4,10) (D,0,1,1) 
0 1  7  5   28  7 (D,0,1,1) (S,14,1,7) (S,7,7,7) (S,11,7,3) (S,10,3,2) (S,12,2,8) (D,0,1,1) 
