255
7
621
621
0 1  1  5   51  7 (D,0,1,1) (S,7,1,8) (S,4,8,5) (S,22,5,9) (S,8,9,9) (S,1,9,2) (D,0,1,1) 
0 1  2  4   44  6 (D,0,1,1) (S,6,1,7) (S,2,7,3) (S,32,3,9) (S,3,9,4) (D,0,1,1) 
0 1  3  5   41  7 (D,0,1,1) (S,28,1,10) (S,9,10,10) (S,25,10,9) (S,27,9,5) (S,5,5,6) (D,0,1,1) 
0 1  4  5   35  7 (D,0,1,1) (S,17,1,9) (S,14,9,11) (S,19,11,4) (S,16,4,10) (S,31,10,11) (D,0,1,1) 
0 1  5  6   34  8 (D,0,1,1) (S,29,1,8) (S,21,8,8) (S,18,8,7) (S,33,7,10) (S,13,10,7) (S,20,7,7) (D,0,1,1) 
0 1  6  7   40  9 (D,0,1,1) (S,24,1,11) (S,23,11,3) (S,26,3,4) (S,10,4,7) (S,15,7,5) (S,12,5,11) (S,11,11,10) (D,0,1,1) 
0 1  7  1   10  3 (D,0,1,1) (S,30,1,10) (D,0,1,1) 
