514
9
920
920
0 1  1  6   50  8 (D,0,1,1) (S,33,1,19) (S,20,19,17) (S,10,17,15) (S,8,15,13) (S,7,13,12) (S,1,12,2) (D,0,1,1) 
0 1  2  5   55  7 (D,0,1,1) (S,36,1,1) (S,26,1,19) (S,3,19,4) (S,37,4,10) (S,5,10,6) (D,0,1,1) 
0 1  3  5   53  7 (D,0,1,1) (S,23,1,6) (S,4,6,5) (S,31,5,8) (S,16,8,27) (S,41,27,26) (D,0,1,1) 
0 1  4  6   68  8 (D,0,1,1) (S,39,1,11) (S,17,11,11) (S,32,11,9) (S,6,9,8) (S,38,8,24) (S,14,24,23) (D,0,1,1) 
0 1  5  3   51  5 (D,0,1,1) (S,15,1,24) (S,29,24,24) (S,27,24,27) (D,0,1,1) 
0 1  6  4   72  6 (D,0,1,1) (S,2,1,3) (S,30,3,6) (S,28,6,4) (S,12,4,21) (D,0,1,1) 
0 1  7  4   65  6 (D,0,1,1) (S,35,1,15) (S,21,15,17) (S,25,17,17) (S,9,17,14) (D,0,1,1) 
0 1  8  5   48  7 (D,0,1,1) (S,40,1,20) (S,11,20,20) (S,22,20,22) (S,13,22,22) (S,19,22,23) (D,0,1,1) 
0 1  9  3   52  5 (D,0,1,1) (S,18,1,21) (S,24,21,25) (S,34,25,21) (D,0,1,1) 
