301
7
1144
1144
0 1  1  6   29  8 (D,0,1,1) (S,2,1,3) (S,22,3,2) (S,1,2,2) (S,3,2,4) (S,34,4,5) (S,7,5,10) (D,0,1,1) 
0 1  2  5   36  7 (D,0,1,1) (S,13,1,4) (S,4,4,5) (S,30,5,12) (S,25,12,12) (S,38,12,13) (D,0,1,1) 
0 1  3  7   45  9 (D,0,1,1) (S,20,1,11) (S,8,11,11) (S,29,11,6) (S,33,6,11) (S,36,11,12) (S,37,12,14) (S,40,14,17) (D,0,1,1) 
0 1  4  6   44  8 (D,0,1,1) (S,19,1,7) (S,32,7,8) (S,5,8,8) (S,17,8,14) (S,10,14,17) (S,41,17,12) (D,0,1,1) 
0 1  5  8   41 10 (D,0,1,1) (S,39,1,23) (S,26,23,24) (S,12,24,21) (S,9,21,15) (S,35,15,20) (S,28,20,20) (S,6,20,9) (S,11,9,19) (D,0,1,1) 
0 1  6  6   52  8 (D,0,1,1) (S,15,1,19) (S,18,19,10) (S,16,10,21) (S,27,21,15) (S,14,15,17) (S,24,17,17) (D,0,1,1) 
0 1  7  3   54  5 (D,0,1,1) (S,21,1,18) (S,31,18,19) (S,23,19,23) (D,0,1,1) 
