14279
6
648
648
0 1  1 11 2618 13 (D,0,1,1) (S,18,1,6) (S,30,6,22) (S,16,22,22) (S,40,22,16) (S,5,16,16) (S,34,16,11) (S,33,11,10) (S,4,10,10) (S,26,10,16) (S,39,16,10) (S,31,10,18) (D,0,1,1) 
0 1  2  7 2357  9 (D,0,1,1) (S,8,1,7) (S,3,7,7) (S,23,7,6) (S,29,6,13) (S,35,13,13) (S,14,13,18) (S,2,18,5) (D,0,1,1) 
0 1  3  5 2242  7 (D,0,1,1) (S,10,1,12) (S,28,12,16) (S,27,16,10) (S,13,10,21) (S,17,21,23) (D,0,1,1) 
0 1  4  7 2379  9 (D,0,1,1) (S,19,1,4) (S,1,4,4) (S,21,4,5) (S,32,5,5) (S,7,5,19) (S,37,19,15) (S,38,15,18) (D,0,1,1) 
0 1  5  6 2299  8 (D,0,1,1) (S,9,1,9) (S,24,9,14) (S,12,14,15) (S,11,15,15) (S,6,15,18) (S,36,18,14) (D,0,1,1) 
0 1  6  6 2384  8 (D,0,1,1) (S,22,1,9) (S,20,9,3) (S,42,3,24) (S,41,24,17) (S,25,17,1) (S,15,1,21) (D,0,1,1) 
