38242
44
9072
9072
0 1  1  7  783  9 (D,0,1,1) (S,201,1,116) (S,13,116,115) (S,202,115,117) (S,204,117,117) (S,203,117,117) (S,200,117,116) (S,175,116,98) (D,0,1,1) 
0 1  2  6  408  8 (D,0,1,1) (S,206,1,119) (S,35,119,119) (S,216,119,123) (S,33,123,123) (S,214,123,123) (S,159,123,87) (D,0,1,1) 
0 1  3  6  504  8 (D,0,1,1) (S,205,1,118) (S,7,118,118) (S,212,118,122) (S,213,122,122) (S,211,122,121) (S,24,121,90) (D,0,1,1) 
0 1  4  7  556  9 (D,0,1,1) (S,207,1,120) (S,217,120,125) (S,236,125,138) (S,29,138,136) (S,234,136,138) (S,231,138,135) (S,228,135,133) (D,0,1,1) 
0 1  5  5  537  7 (D,0,1,1) (S,208,1,118) (S,210,118,121) (S,215,121,124) (S,34,124,124) (S,36,124,131) (D,0,1,1) 
0 1  6  8  548 10 (D,0,1,1) (S,199,1,115) (S,198,115,114) (S,196,114,113) (S,194,113,112) (S,193,112,111) (S,195,111,112) (S,192,112,110) (S,189,110,108) (D,0,1,1) 
0 1  7  6  680  8 (D,0,1,1) (S,160,1,88) (S,163,88,91) (S,162,91,90) (S,209,90,118) (S,184,118,103) (S,18,103,94) (D,0,1,1) 
0 1  8  7  769  9 (D,0,1,1) (S,8,1,108) (S,22,108,106) (S,187,106,106) (S,186,106,105) (S,190,105,108) (S,180,108,101) (S,12,101,63) (D,0,1,1) 
0 1  9  2  561  4 (D,0,1,1) (S,191,1,109) (S,47,109,109) (D,0,1,1) 
0 1 10  4  706  6 (D,0,1,1) (S,188,1,107) (S,197,107,113) (S,185,113,104) (S,23,104,101) (D,0,1,1) 
0 1 11  7  614  9 (D,0,1,1) (S,219,1,126) (S,46,126,126) (S,224,126,129) (S,221,129,128) (S,223,128,129) (S,220,129,127) (S,227,127,132) (D,0,1,1) 
0 1 12  8  651 10 (D,0,1,1) (S,158,1,86) (S,4,86,84) (S,157,84,85) (S,168,85,92) (S,166,92,92) (S,161,92,89) (S,155,89,84) (S,153,84,83) (D,0,1,1) 
0 1 13  5  588  7 (D,0,1,1) (S,226,1,131) (S,230,131,135) (S,10,135,135) (S,232,135,136) (S,233,136,137) (D,0,1,1) 
0 1 14  4  819  6 (D,0,1,1) (S,225,1,130) (S,235,130,138) (S,229,138,134) (S,167,134,92) (D,0,1,1) 
0 1 15  4  721  6 (D,0,1,1) (S,183,1,103) (S,182,103,102) (S,172,102,95) (S,176,95,99) (D,0,1,1) 
0 1 16  6  589  8 (D,0,1,1) (S,41,1,83) (S,14,83,81) (S,44,81,79) (S,154,79,83) (S,156,83,84) (S,150,84,81) (D,0,1,1) 
0 1 17 10  774 12 (D,0,1,1) (S,152,1,82) (S,151,82,81) (S,149,81,80) (S,148,80,79) (S,147,79,78) (S,6,78,76) (S,145,76,77) (S,146,77,77) (S,104,77,47) (S,103,47,47) (D,0,1,1) 
0 1 18  5  706  7 (D,0,1,1) (S,179,1,100) (S,178,100,100) (S,171,100,94) (S,17,94,66) (S,5,66,67) (D,0,1,1) 
0 1 19  3  702  5 (D,0,1,1) (S,165,1,91) (S,131,91,67) (S,26,67,69) (D,0,1,1) 
0 1 20  8  921 10 (D,0,1,1) (S,181,1,101) (S,170,101,93) (S,127,93,64) (S,128,64,65) (S,169,65,93) (S,126,93,63) (S,116,63,56) (S,133,56,69) (D,0,1,1) 
0 1 21  6  745  8 (D,0,1,1) (S,164,1,90) (S,132,90,68) (S,136,68,71) (S,134,71,70) (S,137,70,72) (S,15,72,72) (D,0,1,1) 
0 1 22  4 1005  6 (D,0,1,1) (S,218,1,124) (S,222,124,128) (S,105,128,46) (S,98,46,43) (D,0,1,1) 
0 1 23  6  802  8 (D,0,1,1) (S,142,1,75) (S,139,75,74) (S,140,74,74) (S,138,74,73) (S,144,73,76) (S,99,76,43) (D,0,1,1) 
0 1 24  8  765 10 (D,0,1,1) (S,135,1,71) (S,240,71,70) (S,119,70,59) (S,43,59,59) (S,21,59,60) (S,25,60,45) (S,102,45,45) (S,16,45,44) (D,0,1,1) 
0 1 25  6  992  8 (D,0,1,1) (S,130,1,66) (S,125,66,62) (S,118,62,58) (S,123,58,61) (S,124,61,61) (S,49,61,35) (D,0,1,1) 
0 1 26  6  995  8 (D,0,1,1) (S,173,1,96) (S,177,96,99) (S,174,99,97) (S,129,97,65) (S,237,65,140) (S,1,140,54) (D,0,1,1) 
0 1 27  5 1004  7 (D,0,1,1) (S,100,1,44) (S,121,44,60) (S,120,60,60) (S,86,60,139) (S,80,139,30) (D,0,1,1) 
0 1 28  6  917  8 (D,0,1,1) (S,143,1,76) (S,97,76,42) (S,89,42,37) (S,88,37,36) (S,90,36,37) (S,30,37,38) (D,0,1,1) 
0 1 29  4  883  6 (D,0,1,1) (S,141,1,73) (S,101,73,45) (S,87,45,35) (S,95,35,41) (D,0,1,1) 
0 1 30  7 1027  9 (D,0,1,1) (S,91,1,38) (S,37,38,39) (S,92,39,39) (S,27,39,41) (S,94,41,41) (S,93,41,40) (S,106,40,139) (D,0,1,1) 
0 1 31  5  883  7 (D,0,1,1) (S,117,1,57) (S,115,57,55) (S,238,55,140) (S,50,140,140) (S,3,140,53) (D,0,1,1) 
0 1 32  7 1119  9 (D,0,1,1) (S,122,1,61) (S,114,61,140) (S,113,140,140) (S,109,140,50) (S,20,50,50) (S,108,50,49) (S,79,49,29) (D,0,1,1) 
0 1 33  2  966  4 (D,0,1,1) (S,96,1,47) (S,45,47,139) (D,0,1,1) 
0 1 34  4 1007  6 (D,0,1,1) (S,107,1,139) (S,32,139,11) (S,85,11,33) (S,19,33,12) (D,0,1,1) 
0 1 35  6 1140  8 (D,0,1,1) (S,112,1,53) (S,39,53,51) (S,111,51,52) (S,110,52,51) (S,57,51,12) (S,2,12,13) (D,0,1,1) 
0 1 36  5 1089  7 (D,0,1,1) (S,239,1,27) (S,78,27,28) (S,48,28,30) (S,83,30,32) (S,74,32,25) (D,0,1,1) 
0 1 37  5 1042  7 (D,0,1,1) (S,68,1,20) (S,70,20,22) (S,28,22,22) (S,72,22,24) (S,77,24,27) (D,0,1,1) 
0 1 38  9 1098 11 (D,0,1,1) (S,58,1,13) (S,65,13,18) (S,66,18,19) (S,63,19,17) (S,64,17,16) (S,62,16,17) (S,59,17,14) (S,42,14,14) (S,61,14,16) (D,0,1,1) 
0 1 39  4 1276  6 (D,0,1,1) (S,84,1,33) (S,81,33,31) (S,9,31,31) (S,38,31,6) (D,0,1,1) 
0 1 40  6 1312  8 (D,0,1,1) (S,54,1,9) (S,40,9,9) (S,55,9,10) (S,60,10,15) (S,53,15,8) (S,11,8,26) (D,0,1,1) 
0 1 41  4 1368  6 (D,0,1,1) (S,56,1,11) (S,52,11,7) (S,31,7,5) (S,82,5,31) (D,0,1,1) 
0 1 42  3 1240  5 (D,0,1,1) (S,75,1,26) (S,76,26,26) (S,67,26,19) (D,0,1,1) 
0 1 43  2 1154  4 (D,0,1,1) (S,69,1,21) (S,73,21,24) (D,0,1,1) 
0 1 44  2 1276  4 (D,0,1,1) (S,51,1,6) (S,71,6,23) (D,0,1,1) 
