597
9
771
771
0 1  1  7   72  9 (D,0,1,1) (S,15,1,19) (S,31,19,3) (S,3,3,6) (S,30,6,9) (S,37,9,8) (S,20,8,6) (S,5,6,13) (D,0,1,1) 
0 1  2  5   55  7 (D,0,1,1) (S,1,1,2) (S,4,2,12) (S,28,12,27) (S,25,27,27) (S,11,27,23) (D,0,1,1) 
0 1  3  3   42  5 (D,0,1,1) (S,22,1,17) (S,7,17,15) (S,32,15,15) (D,0,1,1) 
0 1  4  5   66  7 (D,0,1,1) (S,12,1,24) (S,21,24,24) (S,39,24,25) (S,13,25,25) (S,10,25,21) (D,0,1,1) 
0 1  5  5   63  7 (D,0,1,1) (S,27,1,4) (S,2,4,4) (S,38,4,11) (S,34,11,6) (S,26,6,9) (D,0,1,1) 
0 1  6  4   82  6 (D,0,1,1) (S,17,1,8) (S,24,8,9) (S,29,9,6) (S,8,6,16) (D,0,1,1) 
0 1  7  5   72  7 (D,0,1,1) (S,23,1,20) (S,36,20,23) (S,33,23,23) (S,35,23,22) (S,6,22,14) (D,0,1,1) 
0 1  8  4   88  6 (D,0,1,1) (S,19,1,10) (S,40,10,5) (S,14,5,11) (S,18,11,16) (D,0,1,1) 
0 1  9  2   57  4 (D,0,1,1) (S,9,1,18) (S,16,18,21) (D,0,1,1) 
