796
9
874
874
0 1  1  7   60  9 (D,0,1,1) (S,1,1,2) (S,2,2,3) (S,54,3,2) (S,40,2,3) (S,37,3,1) (S,43,1,2) (S,27,2,9) (D,0,1,1) 
0 1  2 11   78 13 (D,0,1,1) (S,22,1,31) (S,4,31,5) (S,57,5,31) (S,56,31,6) (S,5,6,6) (S,8,6,11) (S,51,11,6) (S,45,6,5) (S,20,5,29) (S,28,29,31) (S,7,31,10) (D,0,1,1) 
0 1  3  6   84  8 (D,0,1,1) (S,21,1,30) (S,53,30,28) (S,19,28,28) (S,18,28,26) (S,44,26,14) (S,52,14,10) (D,0,1,1) 
0 1  4  7   88  9 (D,0,1,1) (S,38,1,4) (S,3,4,4) (S,10,4,13) (S,50,13,9) (S,24,9,13) (S,9,13,12) (S,13,12,18) (D,0,1,1) 
0 1  5  5   78  7 (D,0,1,1) (S,31,1,31) (S,32,31,29) (S,33,29,27) (S,17,27,23) (S,46,23,28) (D,0,1,1) 
0 1  6  8  101 10 (D,0,1,1) (S,36,1,16) (S,11,16,16) (S,12,16,17) (S,58,17,16) (S,42,16,14) (S,25,14,11) (S,39,11,15) (S,49,15,18) (D,0,1,1) 
0 1  7  4   87  6 (D,0,1,1) (S,29,1,9) (S,23,9,12) (S,48,12,19) (S,14,19,19) (D,0,1,1) 
0 1  8  4   90  6 (D,0,1,1) (S,6,1,7) (S,47,7,8) (S,55,8,11) (S,34,11,16) (D,0,1,1) 
0 1  9  6  130  8 (D,0,1,1) (S,26,1,25) (S,16,25,21) (S,41,21,22) (S,30,22,22) (S,15,22,20) (S,35,20,18) (D,0,1,1) 
