1142
9
1002
1002
0 1  1  8  104 10 (D,0,1,1) (S,24,1,8) (S,5,8,8) (S,41,8,13) (S,46,13,16) (S,9,16,16) (S,8,16,11) (S,44,11,13) (S,69,13,11) (D,0,1,1) 
0 1  2  8  112 10 (D,0,1,1) (S,22,1,5) (S,18,5,8) (S,52,8,8) (S,66,8,16) (S,50,16,12) (S,17,12,13) (S,53,13,14) (S,10,14,17) (D,0,1,1) 
0 1  3 10  111 12 (D,0,1,1) (S,1,1,2) (S,51,2,2) (S,67,2,3) (S,7,3,10) (S,6,10,9) (S,71,9,10) (S,72,10,2) (S,25,2,10) (S,45,10,9) (S,4,9,7) (D,0,1,1) 
0 1  4 11  117 13 (D,0,1,1) (S,36,1,2) (S,38,2,9) (S,64,9,8) (S,47,8,8) (S,65,8,17) (S,56,17,14) (S,31,14,22) (S,13,22,22) (S,76,22,30) (S,16,30,30) (S,77,30,25) (D,0,1,1) 
0 1  5  9  132 11 (D,0,1,1) (S,33,1,19) (S,54,19,15) (S,28,15,19) (S,37,19,19) (S,48,19,13) (S,19,13,21) (S,12,21,21) (S,68,21,29) (S,55,29,22) (D,0,1,1) 
0 1  6  7  134  9 (D,0,1,1) (S,30,1,15) (S,49,15,6) (S,3,6,6) (S,75,6,12) (S,20,12,20) (S,11,20,20) (S,26,20,28) (D,0,1,1) 
0 1  7 10  150 12 (D,0,1,1) (S,34,1,8) (S,2,8,4) (S,35,4,6) (S,43,6,5) (S,29,5,17) (S,78,17,21) (S,73,21,24) (S,59,24,21) (S,63,21,22) (S,42,22,29) (D,0,1,1) 
0 1  8  8  139 10 (D,0,1,1) (S,57,1,29) (S,62,29,30) (S,14,30,26) (S,58,26,23) (S,60,23,18) (S,70,18,28) (S,15,28,28) (S,23,28,27) (D,0,1,1) 
0 1  9  7  143  9 (D,0,1,1) (S,74,1,21) (S,27,21,28) (S,61,28,16) (S,39,16,29) (S,40,29,22) (S,21,22,24) (S,32,24,28) (D,0,1,1) 
