865
10
850
850
0 1  1  9   79 11 (D,0,1,1) (S,1,1,2) (S,2,2,3) (S,54,3,2) (S,20,2,4) (S,3,4,4) (S,45,4,12) (S,9,12,12) (S,47,12,13) (S,62,13,18) (D,0,1,1) 
0 1  2  8   77 10 (D,0,1,1) (S,34,1,1) (S,37,1,2) (S,43,2,30) (S,61,30,1) (S,26,1,8) (S,6,8,8) (S,49,8,4) (S,48,4,5) (D,0,1,1) 
0 1  3  7   91  9 (D,0,1,1) (S,31,1,31) (S,4,31,5) (S,40,5,31) (S,60,31,30) (S,19,30,7) (S,46,7,8) (S,12,8,18) (D,0,1,1) 
0 1  4  9   81 11 (D,0,1,1) (S,58,1,29) (S,22,29,31) (S,63,31,28) (S,16,28,28) (S,51,28,26) (S,28,26,29) (S,59,29,28) (S,21,28,27) (S,7,27,10) (D,0,1,1) 
0 1  5  7  102  9 (D,0,1,1) (S,30,1,13) (S,17,13,13) (S,13,13,19) (S,14,19,21) (S,39,21,20) (S,42,20,18) (S,50,18,21) (D,0,1,1) 
0 1  6  9   93 11 (D,0,1,1) (S,5,1,6) (S,56,6,11) (S,8,11,11) (S,55,11,5) (S,53,5,5) (S,36,5,16) (S,11,16,17) (S,64,17,17) (S,57,17,15) (D,0,1,1) 
0 1  7  6  104  8 (D,0,1,1) (S,38,1,12) (S,32,12,19) (S,33,19,22) (S,29,22,22) (S,44,22,19) (S,35,19,10) (D,0,1,1) 
0 1  8  5  116  7 (D,0,1,1) (S,25,1,9) (S,24,9,21) (S,23,21,11) (S,41,11,11) (S,10,11,15) (D,0,1,1) 
0 1  9  5   97  7 (D,0,1,1) (S,27,1,27) (S,15,27,23) (S,52,23,28) (S,18,28,24) (S,65,24,14) (D,0,1,1) 
0 1 10  1   25  3 (D,0,1,1) (S,66,1,6) (D,0,1,1) 
