1103
10
1907
1907
0 1  1  9   90 11 (D,0,1,1) (S,4,1,5) (S,102,5,6) (S,5,6,6) (S,40,6,10) (S,9,10,10) (S,10,10,11) (S,70,11,12) (S,76,12,6) (S,6,6,7) (D,0,1,1) 
0 1  2 14   86 16 (D,0,1,1) (S,69,1,9) (S,8,9,9) (S,13,9,14) (S,42,14,14) (S,82,14,29) (S,23,29,29) (S,24,29,30) (S,97,30,24) (S,19,24,24) (S,84,24,23) (S,87,23,15) (S,14,15,15) (S,72,15,24) (S,49,24,28) (D,0,1,1) 
0 1  3  7   99  9 (D,0,1,1) (S,78,1,16) (S,15,16,16) (S,16,16,17) (S,67,17,19) (S,11,19,12) (S,75,12,32) (S,26,32,32) (D,0,1,1) 
0 1  4 14  113 16 (D,0,1,1) (S,90,1,15) (S,22,15,28) (S,66,28,27) (S,21,27,27) (S,45,27,36) (S,29,36,36) (S,71,36,38) (S,30,38,38) (S,62,38,38) (S,59,38,29) (S,63,29,39) (S,55,39,38) (S,36,38,46) (S,83,46,25) (D,0,1,1) 
0 1  5 14  122 16 (D,0,1,1) (S,89,1,1) (S,79,1,16) (S,52,16,24) (S,95,24,22) (S,18,22,22) (S,17,22,21) (S,98,21,25) (S,20,25,25) (S,27,25,33) (S,60,33,33) (S,77,33,35) (S,28,35,35) (S,80,35,45) (S,51,45,18) (D,0,1,1) 
0 1  6 11  139 13 (D,0,1,1) (S,86,1,17) (S,25,17,31) (S,96,31,31) (S,48,31,40) (S,93,40,39) (S,31,39,39) (S,88,39,40) (S,81,40,47) (S,58,47,39) (S,85,39,49) (S,1,49,2) (D,0,1,1) 
0 1  7 12  136 14 (D,0,1,1) (S,57,1,15) (S,44,15,29) (S,61,29,35) (S,33,35,43) (S,39,43,43) (S,34,43,44) (S,92,44,37) (S,91,37,43) (S,32,43,41) (S,64,41,48) (S,37,48,48) (S,94,48,3) (D,0,1,1) 
0 1  8 10  114 12 (D,0,1,1) (S,12,1,13) (S,56,13,21) (S,101,21,8) (S,7,8,8) (S,43,8,21) (S,65,21,14) (S,74,14,13) (S,50,13,34) (S,47,34,42) (S,103,42,34) (D,0,1,1) 
0 1  9  8  136 10 (D,0,1,1) (S,2,1,3) (S,3,3,4) (S,53,4,6) (S,46,6,27) (S,54,27,41) (S,73,41,35) (S,35,35,45) (S,38,45,49) (D,0,1,1) 
0 1 10  4   68  6 (D,0,1,1) (S,41,1,50) (S,99,50,50) (S,100,50,48) (S,68,48,43) (D,0,1,1) 
