468
6
410
410
0 1  1  7   60  9 (D,0,1,1) (S,4,1,7) (S,24,7,6) (S,13,6,7) (S,21,7,5) (S,3,5,5) (S,2,5,4) (S,26,4,7) (D,0,1,1) 
0 1  2  3   74  5 (D,0,1,1) (S,12,1,8) (S,5,8,8) (S,1,8,2) (D,0,1,1) 
0 1  3  4   82  6 (D,0,1,1) (S,16,1,10) (S,11,10,7) (S,22,7,9) (S,18,9,6) (D,0,1,1) 
0 1  4  4   67  6 (D,0,1,1) (S,23,1,5) (S,14,5,2) (S,10,2,1) (S,25,1,6) (D,0,1,1) 
0 1  5  4   92  6 (D,0,1,1) (S,15,1,1) (S,8,1,8) (S,17,8,8) (S,9,8,7) (D,0,1,1) 
0 1  6  4   93  6 (D,0,1,1) (S,20,1,3) (S,6,3,9) (S,19,9,10) (S,7,10,10) (D,0,1,1) 
