594
9
1766
1766
0 1  1  4   46  6 (D,0,1,1) (S,19,1,19) (S,23,19,17) (S,18,17,27) (S,15,27,26) (D,0,1,1) 
0 1  2  4   53  6 (D,0,1,1) (S,1,1,2) (S,37,2,13) (S,7,13,13) (S,8,13,14) (D,0,1,1) 
0 1  3  6   54  8 (D,0,1,1) (S,36,1,1) (S,13,1,24) (S,22,24,27) (S,12,27,23) (S,11,23,22) (S,28,22,26) (D,0,1,1) 
0 1  4  2   50  4 (D,0,1,1) (S,2,1,3) (S,5,3,6) (D,0,1,1) 
0 1  5  6   75  8 (D,0,1,1) (S,24,1,8) (S,21,8,9) (S,4,9,5) (S,20,5,7) (S,16,7,9) (S,31,9,17) (D,0,1,1) 
0 1  6  3   63  5 (D,0,1,1) (S,9,1,15) (S,26,15,21) (S,33,21,20) (D,0,1,1) 
0 1  7  5   88  7 (D,0,1,1) (S,29,1,10) (S,34,10,11) (S,6,11,7) (S,30,7,23) (S,14,23,25) (D,0,1,1) 
0 1  8  5   81  7 (D,0,1,1) (S,32,1,16) (S,10,16,18) (S,25,18,23) (S,27,23,22) (S,35,22,21) (D,0,1,1) 
0 1  9  2   84  4 (D,0,1,1) (S,3,1,4) (S,17,4,25) (D,0,1,1) 
