1309
8
1598
1598
0 1  1 13  117 15 (D,0,1,1) (S,1,1,2) (S,2,2,3) (S,83,3,2) (S,68,2,3) (S,32,3,14) (S,10,14,15) (S,64,15,10) (S,6,10,10) (S,48,10,16) (S,14,16,19) (S,43,19,16) (S,70,16,20) (S,11,20,16) (D,0,1,1) 
0 1  2 14  148 16 (D,0,1,1) (S,42,1,9) (S,5,9,8) (S,4,8,7) (S,81,7,2) (S,36,2,10) (S,51,10,15) (S,82,15,19) (S,15,19,20) (S,12,20,17) (S,55,17,27) (S,38,27,22) (S,20,22,28) (S,77,28,28) (S,3,28,4) (D,0,1,1) 
0 1  3 11  166 13 (D,0,1,1) (S,50,1,1) (S,86,1,7) (S,76,7,24) (S,17,24,24) (S,16,24,23) (S,85,23,14) (S,34,14,15) (S,45,15,13) (S,65,13,24) (S,71,24,26) (S,46,26,35) (D,0,1,1) 
0 1  4 11  162 13 (D,0,1,1) (S,72,1,10) (S,7,10,11) (S,35,11,17) (S,75,17,5) (S,37,5,5) (S,78,5,12) (S,8,12,12) (S,69,12,11) (S,33,11,6) (S,61,6,12) (S,19,12,27) (D,0,1,1) 
0 1  5  9  158 11 (D,0,1,1) (S,39,1,30) (S,22,30,30) (S,87,30,29) (S,21,29,29) (S,59,29,23) (S,58,23,34) (S,26,34,35) (S,52,35,38) (S,30,38,39) (D,0,1,1) 
0 1  6 10  183 12 (D,0,1,1) (S,66,1,13) (S,9,13,13) (S,57,13,23) (S,73,23,14) (S,41,14,31) (S,23,31,31) (S,24,31,32) (S,74,32,20) (S,54,20,26) (S,31,26,40) (D,0,1,1) 
0 1  7 10  173 12 (D,0,1,1) (S,13,1,18) (S,47,18,27) (S,25,27,33) (S,18,33,26) (S,49,26,32) (S,27,32,36) (S,40,36,40) (S,79,40,40) (S,44,40,35) (S,62,35,37) (D,0,1,1) 
0 1  8  9  202 11 (D,0,1,1) (S,67,1,32) (S,63,32,32) (S,84,32,40) (S,80,40,37) (S,28,37,37) (S,53,37,33) (S,60,33,29) (S,29,29,38) (S,56,38,39) (D,0,1,1) 
