244
6
527
527
0 1  1  5   47  7 (D,0,1,1) (S,1,1,2) (S,2,2,3) (S,27,3,9) (S,6,9,9) (S,3,9,6) (D,0,1,1) 
0 1  2  8   42 10 (D,0,1,1) (S,24,1,6) (S,22,6,11) (S,7,11,11) (S,23,11,8) (S,5,8,8) (S,28,8,5) (S,4,5,7) (S,31,7,5) (D,0,1,1) 
0 1  3  4   34  6 (D,0,1,1) (S,25,1,3) (S,13,3,4) (S,17,4,8) (S,15,8,7) (D,0,1,1) 
0 1  4  6   48  8 (D,0,1,1) (S,29,1,5) (S,20,5,8) (S,19,8,11) (S,21,11,6) (S,11,6,9) (S,8,9,10) (D,0,1,1) 
0 1  5  6   48  8 (D,0,1,1) (S,16,1,10) (S,12,10,9) (S,10,9,10) (S,26,10,10) (S,9,10,6) (S,14,6,7) (D,0,1,1) 
0 1  6  2   25  4 (D,0,1,1) (S,30,1,9) (S,18,9,7) (D,0,1,1) 
