1199
9
1660
1660
0 1  1  7  115  9 (D,0,1,1) (S,4,1,6) (S,32,6,12) (S,10,12,12) (S,11,12,13) (S,28,13,19) (S,20,19,25) (S,25,25,30) (D,0,1,1) 
0 1  2 11  126 13 (D,0,1,1) (S,5,1,7) (S,39,7,19) (S,68,19,30) (S,24,30,29) (S,66,29,25) (S,64,25,20) (S,16,20,20) (S,21,20,26) (S,52,26,20) (S,58,20,26) (S,57,26,14) (D,0,1,1) 
0 1  3 10  138 12 (D,0,1,1) (S,76,1,6) (S,60,6,1) (S,1,1,2) (S,6,2,8) (S,12,8,14) (S,13,14,15) (S,35,15,15) (S,75,15,9) (S,7,9,9) (S,8,9,10) (D,0,1,1) 
0 1  4  9  137 11 (D,0,1,1) (S,73,1,8) (S,61,8,9) (S,59,9,3) (S,2,3,3) (S,44,3,11) (S,9,11,11) (S,71,11,4) (S,67,4,4) (S,43,4,5) (D,0,1,1) 
0 1  5 10  135 12 (D,0,1,1) (S,42,1,13) (S,29,13,14) (S,17,14,21) (S,51,21,15) (S,36,15,27) (S,22,27,27) (S,26,27,32) (S,69,32,31) (S,50,31,33) (S,40,33,23) (D,0,1,1) 
0 1  6 10  174 12 (D,0,1,1) (S,15,1,18) (S,63,18,12) (S,47,12,18) (S,56,18,25) (S,41,25,25) (S,55,25,18) (S,34,18,26) (S,48,26,32) (S,65,32,32) (S,37,32,34) (D,0,1,1) 
0 1  7  8  144 10 (D,0,1,1) (S,33,1,10) (S,14,10,16) (S,54,16,24) (S,19,24,24) (S,18,24,23) (S,72,23,28) (S,23,28,28) (S,27,28,34) (D,0,1,1) 
0 1  8 10  162 12 (D,0,1,1) (S,74,1,23) (S,49,23,34) (S,46,34,28) (S,38,28,33) (S,31,33,28) (S,53,28,34) (S,62,34,11) (S,70,11,11) (S,45,11,10) (S,3,10,4) (D,0,1,1) 
0 1  9  1   68  3 (D,0,1,1) (S,30,1,11) (D,0,1,1) 
