225
6
520
520
0 1  1  4   35  6 (D,0,1,1) (S,1,1,2) (S,5,2,8) (S,13,8,10) (S,18,10,9) (D,0,1,1) 
0 1  2  7   43  9 (D,0,1,1) (S,23,1,6) (S,3,6,6) (S,15,6,11) (S,24,11,6) (S,6,6,9) (S,12,9,9) (S,25,9,3) (D,0,1,1) 
0 1  3  3   33  5 (D,0,1,1) (S,22,1,4) (S,26,4,8) (S,2,8,3) (D,0,1,1) 
0 1  4  5   39  7 (D,0,1,1) (S,21,1,2) (S,16,2,10) (S,27,10,11) (S,9,11,5) (S,4,5,7) (D,0,1,1) 
0 1  5  6   44  8 (D,0,1,1) (S,10,1,11) (S,7,11,10) (S,28,10,9) (S,17,9,10) (S,20,10,8) (S,19,8,7) (D,0,1,1) 
0 1  6  3   31  5 (D,0,1,1) (S,11,1,9) (S,14,9,10) (S,8,10,7) (D,0,1,1) 
