144613
21
1383956
1383956
0 1  1 70 8766 72 (D,0,365,365) (S,357,365,365) (S,384,365,364) (S,7,364,7) (S,356,7,7) (S,351,7,357) (S,264,357,264) (S,430,264,264) (S,444,264,446) (S,82,446,82) (S,66,82,66) (S,286,66,286) (S,454,286,453) (S,275,453,275) (S,287,275,287) (S,417,287,287) (S,380,287,387) (S,418,387,386) (S,450,386,287) (S,416,287,418) (S,2,418,2) (S,36,2,36) (S,37,36,37) (S,423,37,44) (S,44,44,44) (S,451,44,38) (S,38,38,38) (S,440,38,441) (S,393,441,398) (S,262,398,262) (S,271,262,271) (S,392,271,397) (S,140,397,140) (S,76,140,76) (S,93,76,93) (S,477,93,87) (S,87,87,87) (S,88,87,88) (S,89,88,89) (S,526,89,543) (S,107,543,107) (S,108,107,108) (S,530,108,302) (S,302,302,302) (S,110,302,110) (S,462,110,465) (S,117,465,117) (S,94,117,94) (S,85,94,85) (S,590,85,606) (S,125,606,125) (S,126,125,126) (S,118,126,118) (S,215,118,215) (S,222,215,222) (S,230,222,230) (S,224,230,224) (S,206,224,206) (S,211,206,211) (S,623,211,646) (S,200,646,200) (S,191,200,191) (S,171,191,171) (S,248,171,248) (S,259,248,259) (S,245,259,245) (S,255,245,255) (S,254,255,254) (S,177,254,177) (S,174,177,174) (S,157,174,157) (D,0,365,365) 
0 1  2 56 8073 58 (D,0,365,365) (S,279,365,279) (S,383,279,390) (S,59,390,59) (S,12,59,12) (S,431,12,389) (S,45,389,45) (S,382,45,279) (S,432,279,348) (S,419,348,419) (S,345,419,350) (S,285,350,285) (S,447,285,27) (S,27,27,27) (S,377,27,383) (S,448,383,417) (S,41,417,41) (S,449,41,448) (S,415,448,41) (S,442,41,444) (S,24,444,24) (S,465,24,467) (S,268,467,268) (S,81,268,81) (S,412,81,415) (S,42,415,42) (S,414,42,376) (S,411,376,414) (S,368,414,376) (S,16,376,16) (S,39,16,39) (S,407,39,412) (S,35,412,35) (S,62,35,62) (S,11,62,11) (S,56,11,56) (S,375,56,382) (S,64,382,64) (S,57,64,57) (S,58,57,58) (S,510,58,527) (S,134,527,134) (S,14,134,14) (S,19,14,19) (S,20,19,20) (S,31,20,31) (S,15,31,15) (S,23,15,23) (S,102,23,102) (S,103,102,103) (S,143,103,143) (S,123,143,123) (S,122,123,122) (S,147,122,147) (S,25,147,25) (S,80,25,80) (S,337,80,337) (D,0,365,365) 
0 1  3 36 8598 38 (D,0,365,365) (S,344,365,349) (S,267,349,267) (S,336,267,67) (S,67,67,67) (S,22,67,22) (S,276,22,276) (S,48,276,48) (S,435,48,48) (S,47,48,47) (S,457,47,457) (S,405,457,346) (S,406,346,411) (S,413,411,416) (S,408,416,40) (S,40,40,40) (S,43,40,43) (S,421,43,360) (S,422,360,422) (S,353,422,361) (S,461,361,463) (S,68,463,68) (S,69,68,69) (S,420,69,43) (S,409,43,402) (S,434,402,434) (S,433,434,402) (S,397,402,402) (S,263,402,263) (S,51,263,51) (S,78,51,78) (S,234,78,234) (S,170,234,170) (S,238,170,238) (S,241,238,241) (S,158,241,158) (S,253,158,253) (D,0,365,365) 
0 1  4 35 7266 37 (D,0,365,365) (S,398,365,404) (S,3,404,3) (S,4,3,4) (S,453,4,451) (S,349,451,339) (S,338,339,339) (S,402,339,38) (S,274,38,274) (S,350,274,355) (S,5,355,5) (S,473,5,478) (S,312,478,312) (S,395,312,400) (S,476,400,483) (S,561,483,575) (S,483,575,493) (S,599,493,615) (S,478,615,485) (S,577,485,593) (S,479,593,305) (S,305,305,305) (S,480,305,488) (S,481,488,490) (S,567,490,582) (S,303,582,303) (S,529,303,545) (S,399,545,406) (S,77,406,77) (S,531,77,547) (S,111,547,111) (S,113,111,113) (S,114,113,114) (S,597,114,612) (S,538,612,305) (S,334,305,334) (D,0,365,365) 
0 1  5 22 5184 24 (D,0,365,365) (S,348,365,354) (S,347,354,353) (S,343,353,347) (S,437,347,437) (S,410,437,375) (S,60,375,60) (S,61,60,61) (S,346,61,352) (S,1,352,1) (S,446,1,447) (S,403,447,358) (S,404,358,281) (S,281,281,281) (S,352,281,359) (S,441,359,442) (S,459,442,460) (S,455,460,454) (S,456,454,455) (S,460,455,461) (S,284,461,284) (S,288,284,288) (S,52,288,52) (D,0,365,365) 
0 1  6 25 5613 27 (D,0,365,365) (S,266,365,266) (S,49,266,49) (S,278,49,278) (S,458,278,459) (S,401,459,409) (S,396,409,35) (S,273,35,273) (S,272,273,272) (S,443,272,51) (S,439,51,440) (S,391,440,396) (S,464,396,396) (S,428,396,430) (S,427,430,429) (S,426,429,428) (S,469,428,425) (S,425,425,426) (S,55,426,55) (S,291,55,291) (S,71,291,71) (S,72,71,72) (S,73,72,73) (S,74,73,74) (S,124,74,124) (S,120,124,120) (D,0,365,365) 
0 1  7 23 5606 25 (D,0,365,365) (S,21,365,21) (S,265,21,265) (S,424,265,424) (S,611,424,631) (S,75,631,75) (S,503,75,517) (S,297,517,297) (S,504,297,519) (S,566,519,581) (S,524,581,540) (S,523,540,539) (S,505,539,520) (S,527,520,544) (S,484,544,495) (S,496,495,509) (S,616,509,638) (S,614,638,635) (S,308,635,308) (S,559,308,431) (S,467,431,470) (S,468,470,472) (S,617,472,639) (S,116,639,116) (D,0,365,365) 
0 1  8 28 7349 30 (D,0,365,365) (S,54,365,54) (S,277,54,277) (S,109,277,109) (S,528,109,477) (S,316,477,316) (S,539,316,86) (S,86,86,86) (S,532,86,548) (S,540,548,555) (S,618,555,555) (S,619,555,642) (S,541,642,304) (S,304,304,304) (S,141,304,141) (S,600,141,617) (S,576,617,592) (S,485,592,496) (S,486,496,497) (S,517,497,535) (S,519,535,537) (S,518,537,536) (S,489,536,502) (S,569,502,584) (S,546,584,502) (S,555,502,497) (S,115,497,115) (S,550,115,566) (S,698,566,732) (D,0,365,365) 
0 1  9 25 5716 27 (D,0,365,365) (S,70,365,70) (S,445,70,420) (S,429,420,429) (S,466,429,469) (S,282,469,282) (S,598,282,614) (S,145,614,145) (S,301,145,301) (S,591,301,551) (S,537,551,516) (S,501,516,516) (S,502,516,104) (S,104,104,104) (S,515,104,533) (S,516,533,506) (S,522,506,538) (S,565,538,580) (S,603,580,318) (S,318,318,318) (S,495,318,507) (S,610,507,98) (S,98,98,98) (S,127,98,127) (S,574,127,126) (S,106,126,106) (D,0,365,365) 
0 1 10 34 5713 36 (D,0,365,365) (S,589,365,301) (S,84,301,84) (S,560,84,574) (S,536,574,552) (S,592,552,515) (S,96,515,96) (S,520,96,106) (S,521,106,506) (S,604,506,622) (S,490,622,97) (S,97,97,97) (S,491,97,504) (S,493,504,496) (S,494,496,307) (S,307,307,307) (S,95,307,95) (S,488,95,500) (S,487,500,499) (S,563,499,576) (S,492,576,505) (S,306,505,306) (S,562,306,119) (S,119,119,119) (S,593,119,607) (S,573,607,589) (S,472,589,125) (S,471,125,476) (S,535,476,551) (S,509,551,525) (S,112,525,112) (S,568,112,583) (S,534,583,112) (S,533,112,549) (S,313,549,313) (D,0,365,365) 
0 1 11 35 6243 37 (D,0,365,365) (S,293,365,293) (S,474,293,479) (S,514,479,104) (S,309,104,309) (S,121,309,121) (S,128,121,128) (S,83,128,83) (S,588,83,604) (S,130,604,130) (S,292,130,292) (S,622,292,601) (S,587,601,602) (S,470,602,474) (S,625,474,648) (S,631,648,656) (S,317,656,317) (S,686,317,650) (S,682,650,717) (S,626,717,650) (S,628,650,652) (S,630,652,654) (S,629,654,653) (S,475,653,481) (S,627,481,651) (S,161,651,161) (S,163,161,163) (S,164,163,164) (S,676,164,711) (S,639,711,665) (S,201,665,201) (S,688,201,723) (S,240,723,240) (S,321,240,321) (S,687,321,321) (S,233,321,233) (D,0,365,365) 
0 1 12 49 7439 51 (D,0,365,365) (S,63,365,63) (S,579,63,596) (S,580,596,526) (S,50,526,50) (S,65,50,65) (S,99,65,99) (S,133,99,133) (S,575,133,591) (S,294,591,294) (S,151,294,151) (S,152,151,152) (S,91,152,91) (S,596,91,152) (S,132,152,132) (S,131,132,131) (S,228,131,228) (S,139,228,139) (S,173,139,173) (S,242,173,242) (S,229,242,229) (S,213,229,213) (S,221,213,221) (S,329,221,329) (S,204,329,204) (S,677,204,202) (S,202,202,202) (S,678,202,713) (S,217,713,217) (S,624,217,647) (S,165,647,165) (S,684,165,720) (S,665,720,699) (S,189,699,189) (S,210,189,210) (S,666,210,700) (S,667,700,190) (S,190,190,190) (S,668,190,701) (S,192,701,192) (S,216,192,216) (S,657,216,688) (S,225,688,225) (S,169,225,169) (S,182,169,182) (S,183,182,183) (S,327,183,327) (S,184,327,184) (S,185,184,185) (S,186,185,186) (D,0,365,365) 
0 1 13 22 6728 24 (D,0,365,365) (S,547,365,563) (S,551,563,568) (S,609,568,630) (S,548,630,564) (S,549,564,565) (S,545,565,115) (S,544,115,561) (S,543,561,560) (S,223,560,223) (S,595,223,611) (S,175,611,175) (S,176,175,176) (S,658,176,178) (S,178,178,178) (S,659,178,690) (S,179,690,179) (S,332,179,332) (S,236,332,236) (S,207,236,207) (S,208,207,208) (S,209,208,209) (S,218,209,218) (D,0,365,365) 
0 1 14 29 6295 31 (D,0,365,365) (S,581,365,597) (S,583,597,557) (S,584,557,529) (S,512,529,511) (S,498,511,511) (S,585,511,530) (S,511,530,528) (S,506,528,298) (S,298,298,298) (S,578,298,594) (S,507,594,523) (S,105,523,105) (S,508,105,523) (S,513,523,531) (S,314,531,314) (S,315,314,315) (S,138,315,138) (S,148,138,148) (S,594,148,609) (S,605,609,624) (S,601,624,619) (S,606,619,625) (S,607,625,626) (S,608,626,628) (S,146,628,146) (S,612,146,632) (S,615,632,636) (S,299,636,299) (S,320,299,320) (D,0,365,365) 
0 1 15 20 6352 22 (D,0,365,365) (S,556,365,541) (S,525,541,542) (S,572,542,588) (S,571,588,587) (S,557,587,492) (S,570,492,585) (S,558,585,572) (S,482,572,492) (S,311,492,311) (S,582,311,598) (S,137,598,137) (S,542,137,558) (S,129,558,129) (S,552,129,569) (S,554,569,570) (S,553,570,513) (S,499,513,513) (S,500,513,514) (S,135,514,135) (S,92,135,92) (D,0,365,365) 
0 1 16 24 5731 26 (D,0,365,365) (S,17,365,17) (S,18,17,18) (S,371,18,20) (S,372,20,367) (S,373,367,10) (S,10,10,10) (S,360,10,368) (S,361,368,296) (S,296,296,296) (S,390,296,395) (S,29,395,29) (S,378,29,384) (S,379,384,385) (S,387,385,394) (S,389,394,385) (S,28,385,28) (S,388,28,393) (S,339,393,341) (S,341,341,343) (S,394,343,399) (S,340,399,342) (S,374,342,381) (S,6,381,6) (S,381,6,388) (D,0,365,365) 
0 1 17 22 5699 24 (D,0,365,365) (S,30,365,30) (S,438,30,438) (S,386,438,32) (S,32,32,32) (S,33,32,33) (S,280,33,280) (S,269,280,269) (S,34,269,34) (S,270,34,270) (S,289,270,289) (S,400,289,408) (S,13,408,13) (S,365,13,371) (S,436,371,436) (S,366,436,373) (S,367,373,374) (S,385,374,391) (S,46,391,46) (S,364,46,370) (S,358,370,366) (S,369,366,378) (S,359,378,8) (D,0,365,365) 
0 1 18 31 6921 33 (D,0,365,365) (S,8,365,8) (S,354,8,362) (S,363,362,10) (S,290,10,290) (S,79,290,79) (S,9,79,9) (S,463,9,369) (S,295,369,295) (S,362,295,9) (S,355,9,363) (S,376,363,368) (S,283,368,283) (S,342,283,345) (S,370,345,380) (S,319,380,319) (S,586,319,449) (S,136,449,136) (S,452,136,450) (S,53,450,53) (S,26,53,26) (S,564,26,578) (S,497,578,100) (S,100,100,100) (S,101,100,101) (S,142,101,142) (S,153,142,153) (S,149,153,149) (S,150,149,150) (S,613,150,633) (S,144,633,144) (S,300,144,300) (D,0,365,365) 
0 1 19 31 6188 33 (D,0,365,365) (S,689,365,235) (S,235,235,235) (S,326,235,326) (S,654,326,170) (S,694,170,728) (S,655,728,684) (S,239,684,239) (S,232,239,232) (S,231,232,231) (S,637,231,663) (S,162,663,162) (S,634,162,660) (S,636,660,662) (S,638,662,664) (S,645,664,672) (S,685,672,721) (S,691,721,673) (S,647,673,675) (S,646,675,674) (S,690,674,725) (S,237,725,237) (S,633,237,659) (S,635,659,661) (S,641,661,662) (S,693,662,680) (S,681,680,716) (S,652,716,681) (S,653,681,682) (S,640,682,666) (S,214,666,214) (S,632,214,658) (D,0,365,365) 
0 1 20 30 7006 32 (D,0,365,365) (S,168,365,168) (S,650,168,678) (S,680,678,715) (S,679,715,714) (S,651,714,679) (S,205,679,205) (S,220,205,220) (S,620,220,644) (S,692,644,727) (S,156,727,156) (S,674,156,708) (S,648,708,676) (S,683,676,718) (S,649,718,668) (S,324,668,324) (S,166,324,166) (S,167,166,167) (S,644,167,671) (S,212,671,212) (S,642,212,669) (S,621,669,159) (S,159,159,159) (S,643,159,166) (S,660,166,692) (S,219,692,219) (S,203,219,203) (S,226,203,226) (S,333,226,333) (S,670,333,703) (S,671,703,195) (D,0,365,365) 
0 1 21 52 12127 54 (D,0,365,365) (S,90,365,90) (S,673,90,706) (S,195,706,195) (S,196,195,196) (S,197,196,197) (S,198,197,198) (S,330,198,330) (S,199,330,199) (S,331,199,331) (S,672,331,705) (S,227,705,227) (S,663,227,695) (S,662,695,694) (S,664,694,697) (S,155,697,155) (S,180,155,180) (S,661,180,693) (S,323,693,323) (S,244,323,244) (S,335,244,335) (S,249,335,249) (S,695,249,244) (S,247,244,247) (S,246,247,246) (S,243,246,243) (S,154,243,154) (S,656,154,686) (S,172,686,172) (S,260,172,260) (S,250,260,250) (S,251,250,251) (S,252,251,252) (S,696,252,729) (S,697,729,731) (S,699,731,733) (S,181,733,181) (S,257,181,257) (S,258,257,258) (S,261,258,261) (S,256,261,256) (S,193,256,193) (S,669,193,194) (S,194,194,194) (S,328,194,328) (S,187,328,187) (S,188,187,188) (S,160,188,160) (S,675,160,710) (S,322,710,322) (S,325,322,325) (S,602,325,621) (S,310,621,310) (D,0,365,365) 
