70548
26
7525
7525
0 1  1  8 2221 10 (D,0,1,1) (S,1,1,2) (S,72,2,14) (S,80,14,13) (S,71,13,2) (S,81,2,24) (S,7,24,24) (S,83,24,4) (S,88,4,7) (D,0,1,1) 
0 1  2  6 2132  8 (D,0,1,1) (S,2,1,3) (S,73,3,16) (S,82,16,14) (S,95,14,25) (S,96,25,26) (S,9,26,27) (D,0,1,1) 
0 1  3  9 2674 11 (D,0,1,1) (S,74,1,6) (S,3,6,7) (S,75,7,8) (S,5,8,20) (S,91,20,30) (S,10,30,29) (S,86,29,6) (S,76,6,20) (S,11,20,31) (D,0,1,1) 
0 1  4  7 2290  9 (D,0,1,1) (S,6,1,23) (S,94,23,24) (S,8,24,26) (S,97,26,38) (S,14,38,37) (S,106,37,25) (S,134,25,44) (D,0,1,1) 
0 1  5  7 2277  9 (D,0,1,1) (S,93,1,13) (S,112,13,44) (S,114,44,44) (S,113,44,36) (S,107,36,36) (S,99,36,29) (S,89,29,18) (D,0,1,1) 
0 1  6  8 2896 10 (D,0,1,1) (S,84,1,5) (S,85,5,27) (S,98,27,27) (S,87,27,19) (S,90,19,8) (S,77,8,11) (S,4,11,12) (S,32,12,72) (D,0,1,1) 
0 1  7  6 2204  8 (D,0,1,1) (S,17,1,46) (S,18,46,47) (S,19,47,48) (S,20,48,49) (S,122,49,39) (S,15,39,39) (D,0,1,1) 
0 1  8 13 2922 15 (D,0,1,1) (S,116,1,57) (S,23,57,57) (S,138,57,56) (S,151,56,67) (S,28,67,68) (S,139,68,57) (S,136,57,66) (S,152,66,79) (S,164,79,69) (S,29,69,69) (S,153,69,59) (S,137,59,46) (S,22,46,54) (D,0,1,1) 
0 1  9  9 2617 11 (D,0,1,1) (S,115,1,45) (S,119,45,48) (S,124,48,59) (S,24,59,59) (S,154,59,68) (S,141,68,69) (S,121,69,59) (S,178,59,107) (S,48,107,107) (D,0,1,1) 
0 1 10  8 2862 10 (D,0,1,1) (S,118,1,38) (S,117,38,37) (S,64,37,67) (S,163,67,67) (S,140,67,68) (S,41,68,92) (S,193,92,117) (S,55,117,117) (D,0,1,1) 
0 1 11 10 3294 12 (D,0,1,1) (S,102,1,30) (S,101,30,21) (S,100,21,20) (S,78,20,12) (S,79,12,11) (S,12,11,33) (S,104,33,32) (S,110,32,32) (S,157,32,71) (S,51,71,111) (D,0,1,1) 
0 1 12 10 3013 12 (D,0,1,1) (S,120,1,49) (S,109,49,38) (S,123,38,50) (S,143,50,72) (S,31,72,71) (S,156,71,82) (S,179,82,94) (S,197,94,94) (S,198,94,106) (S,46,106,105) (D,0,1,1) 
0 1 13  9 2783 11 (D,0,1,1) (S,62,1,33) (S,103,33,31) (S,126,31,51) (S,111,51,51) (S,129,51,62) (S,26,62,62) (S,145,62,61) (S,142,61,50) (S,33,50,73) (D,0,1,1) 
0 1 14  7 2688  9 (D,0,1,1) (S,92,1,21) (S,125,21,31) (S,63,31,32) (S,127,32,61) (S,25,61,61) (S,160,61,62) (S,147,62,62) (D,0,1,1) 
0 1 15  8 2892 10 (D,0,1,1) (S,135,1,56) (S,133,56,55) (S,132,55,43) (S,108,43,29) (S,13,29,34) (S,105,34,42) (S,16,42,42) (S,158,42,61) (D,0,1,1) 
0 1 16  6 2571  8 (D,0,1,1) (S,30,1,70) (S,155,70,70) (S,35,70,82) (S,66,82,95) (S,177,95,93) (S,47,93,106) (D,0,1,1) 
0 1 17  9 2734 11 (D,0,1,1) (S,191,1,91) (S,192,91,105) (S,56,105,118) (S,194,118,92) (S,195,92,104) (S,45,104,103) (S,190,103,102) (S,44,102,102) (S,54,102,115) (D,0,1,1) 
0 1 18 10 3087 12 (D,0,1,1) (S,148,1,65) (S,27,65,65) (S,150,65,66) (S,42,66,93) (S,176,93,106) (S,196,106,93) (S,166,93,94) (S,49,94,109) (S,201,109,112) (S,43,112,99) (D,0,1,1) 
0 1 19  8 2926 10 (D,0,1,1) (S,165,1,70) (S,167,70,72) (S,67,72,109) (S,60,109,122) (S,199,122,110) (S,50,110,110) (S,211,110,123) (S,59,123,121) (D,0,1,1) 
0 1 20 13 3103 15 (D,0,1,1) (S,68,1,104) (S,206,104,116) (S,205,116,103) (S,189,103,115) (S,204,115,102) (S,188,102,101) (S,38,101,88) (S,172,88,76) (S,173,76,101) (S,53,101,114) (S,162,114,88) (S,40,88,90) (S,57,90,119) (D,0,1,1) 
0 1 21 11 3001 13 (D,0,1,1) (S,128,1,41) (S,146,41,74) (S,37,74,86) (S,170,86,98) (S,182,98,97) (S,180,97,96) (S,36,96,84) (S,168,84,73) (S,144,73,60) (S,207,60,106) (S,185,106,86) (D,0,1,1) 
0 1 22  7 3109  9 (D,0,1,1) (S,149,1,55) (S,175,55,91) (S,39,91,89) (S,174,89,102) (S,58,102,120) (S,209,120,108) (S,52,108,113) (D,0,1,1) 
0 1 23  7 2663  9 (D,0,1,1) (S,21,1,53) (S,130,53,52) (S,34,52,75) (S,171,75,86) (S,169,86,84) (S,159,84,72) (S,69,72,122) (D,0,1,1) 
0 1 24  6 2562  8 (D,0,1,1) (S,131,1,63) (S,161,63,63) (S,65,63,87) (S,203,87,126) (S,202,126,99) (S,186,99,98) (D,0,1,1) 
0 1 25  5 2730  7 (D,0,1,1) (S,208,1,107) (S,200,107,123) (S,210,123,120) (S,70,120,111) (S,187,111,100) (D,0,1,1) 
0 1 26  5 2297  7 (D,0,1,1) (S,183,1,99) (S,184,99,111) (S,181,111,110) (S,61,110,124) (S,212,124,111) (D,0,1,1) 
