762
8
765
765
0 1  1  6   91  8 (D,0,1,1) (S,32,1,19) (S,13,19,19) (S,28,19,21) (S,27,21,21) (S,15,21,23) (S,44,23,5) (D,0,1,1) 
0 1  2  3   72  5 (D,0,1,1) (S,37,1,6) (S,3,6,6) (S,4,6,7) (D,0,1,1) 
0 1  3  9  112 11 (D,0,1,1) (S,29,1,4) (S,21,4,11) (S,1,11,2) (S,26,2,10) (S,40,10,2) (S,17,2,5) (S,34,5,9) (S,31,9,15) (S,10,15,16) (D,0,1,1) 
0 1  4  7   90  9 (D,0,1,1) (S,20,1,5) (S,30,5,19) (S,43,19,9) (S,2,9,3) (S,33,3,11) (S,35,11,17) (S,11,17,17) (D,0,1,1) 
0 1  5  5  108  7 (D,0,1,1) (S,36,1,22) (S,22,22,23) (S,14,23,21) (S,9,21,15) (S,7,15,13) (D,0,1,1) 
0 1  6  5  112  7 (D,0,1,1) (S,23,1,4) (S,24,4,20) (S,39,20,20) (S,16,20,23) (S,42,23,17) (D,0,1,1) 
0 1  7  8  112 10 (D,0,1,1) (S,46,1,1) (S,19,1,11) (S,38,11,6) (S,18,6,13) (S,45,13,18) (S,12,18,18) (S,41,18,16) (S,5,16,8) (D,0,1,1) 
0 1  8  3   65  5 (D,0,1,1) (S,6,1,12) (S,25,12,16) (S,8,16,14) (D,0,1,1) 
