770
9
893
893
0 1  1  4   59  6 (D,0,1,1) (S,1,1,2) (S,2,2,3) (S,43,3,2) (S,26,2,9) (D,0,1,1) 
0 1  2 10   70 12 (D,0,1,1) (S,27,1,31) (S,22,31,31) (S,38,31,6) (S,4,6,6) (S,53,6,11) (S,46,11,6) (S,34,6,12) (S,50,12,13) (S,3,13,4) (S,6,4,9) (D,0,1,1) 
0 1  3  7   69  9 (D,0,1,1) (S,54,1,31) (S,45,31,10) (S,7,10,10) (S,9,10,14) (S,48,14,5) (S,20,5,29) (S,19,29,28) (D,0,1,1) 
0 1  4  5   77  7 (D,0,1,1) (S,21,1,30) (S,23,30,7) (S,5,7,7) (S,39,7,6) (S,44,6,4) (D,0,1,1) 
0 1  5  6   74  8 (D,0,1,1) (S,41,1,29) (S,18,29,27) (S,17,27,26) (S,16,26,24) (S,15,24,23) (S,25,23,25) (D,0,1,1) 
0 1  6  7  107  9 (D,0,1,1) (S,35,1,26) (S,49,26,28) (S,24,28,11) (S,42,11,18) (S,13,18,18) (S,51,18,18) (S,14,18,19) (D,0,1,1) 
0 1  7  5   86  7 (D,0,1,1) (S,32,1,9) (S,8,9,13) (S,31,13,13) (S,47,13,11) (S,11,11,16) (D,0,1,1) 
0 1  8  6  111  8 (D,0,1,1) (S,30,1,12) (S,40,12,19) (S,55,19,22) (S,33,22,22) (S,36,22,18) (S,10,18,15) (D,0,1,1) 
0 1  9  5  117  7 (D,0,1,1) (S,12,1,17) (S,52,17,14) (S,37,14,12) (S,28,12,21) (S,29,21,22) (D,0,1,1) 
