683
7
399
399
0 1  1  3   83  5 (D,0,1,1) (S,1,1,2) (S,12,2,2) (S,16,2,12) (D,0,1,1) 
0 1  2  4   68  6 (D,0,1,1) (S,20,1,8) (S,11,8,3) (S,2,3,3) (S,7,3,3) (D,0,1,1) 
0 1  3  5  161  7 (D,0,1,1) (S,3,1,4) (S,19,4,4) (S,15,4,9) (S,13,9,9) (S,21,9,13) (D,0,1,1) 
0 1  4  3   87  5 (D,0,1,1) (S,17,1,10) (S,4,10,5) (S,14,5,11) (D,0,1,1) 
0 1  5  2   90  4 (D,0,1,1) (S,8,1,11) (S,10,11,12) (D,0,1,1) 
0 1  6  3  111  5 (D,0,1,1) (S,18,1,10) (S,6,10,12) (S,9,12,12) (D,0,1,1) 
0 1  7  1   83  3 (D,0,1,1) (S,5,1,9) (D,0,1,1) 
