972
9
2274
2274
0 1  1  9   95 11 (D,0,1,1) (S,1,1,2) (S,56,2,1) (S,30,1,36) (S,23,36,36) (S,24,36,37) (S,25,37,38) (S,73,38,38) (S,63,38,30) (S,20,30,31) (D,0,1,1) 
0 1  2  9   91 11 (D,0,1,1) (S,71,1,11) (S,9,11,11) (S,68,11,40) (S,27,40,40) (S,29,40,6) (S,4,6,6) (S,10,6,12) (S,76,12,13) (S,2,13,3) (D,0,1,1) 
0 1  3 10  103 12 (D,0,1,1) (S,50,1,12) (S,35,12,35) (S,22,35,35) (S,49,35,35) (S,37,35,36) (S,52,36,3) (S,66,3,4) (S,3,4,4) (S,70,4,37) (S,45,37,39) (D,0,1,1) 
0 1  4  8   93 10 (D,0,1,1) (S,33,1,16) (S,12,16,16) (S,57,16,15) (S,62,15,9) (S,7,9,9) (S,8,9,10) (S,53,10,9) (S,6,9,8) (D,0,1,1) 
0 1  5  7  109  9 (D,0,1,1) (S,59,1,9) (S,44,9,40) (S,21,40,33) (S,40,33,34) (S,65,34,26) (S,17,26,26) (S,5,26,7) (D,0,1,1) 
0 1  6 10  127 12 (D,0,1,1) (S,75,1,11) (S,48,11,16) (S,31,16,15) (S,36,15,13) (S,11,13,13) (S,13,13,18) (S,64,18,13) (S,15,13,22) (S,69,22,24) (S,60,24,21) (D,0,1,1) 
0 1  7  9  130 11 (D,0,1,1) (S,46,1,33) (S,18,33,27) (S,19,27,28) (S,39,28,34) (S,55,34,35) (S,41,35,36) (S,42,36,30) (S,58,30,37) (S,26,37,39) (D,0,1,1) 
0 1  8 11  136 13 (D,0,1,1) (S,28,1,19) (S,34,19,25) (S,54,25,22) (S,74,22,20) (S,14,20,20) (S,16,20,23) (S,38,23,25) (S,61,25,17) (S,51,17,31) (S,72,31,5) (S,43,5,39) (D,0,1,1) 
0 1  9  3   88  5 (D,0,1,1) (S,67,1,4) (S,47,4,31) (S,32,31,39) (D,0,1,1) 
