1117
9
1141
1141
0 1  1 12  124 14 (D,0,1,1) (S,26,1,8) (S,5,8,8) (S,70,8,13) (S,62,13,16) (S,9,16,16) (S,7,16,11) (S,55,11,13) (S,45,13,11) (S,51,11,12) (S,65,12,8) (S,44,8,16) (S,54,16,16) (D,0,1,1) 
0 1  2  8   87 10 (D,0,1,1) (S,31,1,5) (S,22,5,8) (S,6,8,9) (S,63,9,10) (S,49,10,2) (S,1,2,3) (S,53,3,2) (S,67,2,3) (D,0,1,1) 
0 1  3  6   95  8 (D,0,1,1) (S,52,1,9) (S,8,9,15) (S,58,15,9) (S,56,9,9) (S,27,9,19) (S,11,19,18) (D,0,1,1) 
0 1  4  9  136 11 (D,0,1,1) (S,35,1,2) (S,23,2,15) (S,72,15,8) (S,61,8,17) (S,10,17,17) (S,38,17,13) (S,33,13,13) (S,29,13,21) (S,64,21,29) (D,0,1,1) 
0 1  5  7  142  9 (D,0,1,1) (S,28,1,9) (S,24,9,15) (S,48,15,13) (S,21,13,17) (S,39,17,21) (S,75,21,29) (S,41,29,25) (D,0,1,1) 
0 1  6 10  133 12 (D,0,1,1) (S,4,1,7) (S,43,7,4) (S,2,4,4) (S,46,4,6) (S,3,6,6) (S,71,6,7) (S,74,7,7) (S,40,7,5) (S,20,5,8) (S,32,8,22) (D,0,1,1) 
0 1  7  9  129 11 (D,0,1,1) (S,34,1,20) (S,12,20,20) (S,14,20,24) (S,57,24,16) (S,13,16,21) (S,60,21,22) (S,15,22,25) (S,73,25,29) (S,18,29,29) (D,0,1,1) 
0 1  8 10  154 12 (D,0,1,1) (S,30,1,25) (S,42,25,23) (S,69,23,18) (S,66,18,29) (S,68,29,22) (S,59,22,21) (S,37,21,27) (S,17,27,27) (S,19,27,27) (S,50,27,29) (D,0,1,1) 
0 1  9  4  117  6 (D,0,1,1) (S,25,1,28) (S,47,28,22) (S,16,22,26) (S,36,26,30) (D,0,1,1) 
