216
6
568
568
0 1  1  5   33  7 (D,0,1,1) (S,1,1,2) (S,2,2,3) (S,21,3,8) (S,7,8,8) (S,9,8,10) (D,0,1,1) 
0 1  2  8   41 10 (D,0,1,1) (S,26,1,5) (S,4,5,5) (S,6,5,7) (S,10,7,11) (S,23,11,8) (S,12,8,3) (S,19,3,7) (S,15,7,3) (D,0,1,1) 
0 1  3  4   32  6 (D,0,1,1) (S,18,1,11) (S,11,11,2) (S,27,2,5) (S,14,5,7) (D,0,1,1) 
0 1  4  5   45  7 (D,0,1,1) (S,28,1,11) (S,25,11,8) (S,22,8,10) (S,17,10,10) (S,3,10,4) (D,0,1,1) 
0 1  5  4   37  6 (D,0,1,1) (S,24,1,7) (S,5,7,6) (S,16,6,11) (S,20,11,7) (D,0,1,1) 
0 1  6  2   28  4 (D,0,1,1) (S,13,1,9) (S,8,9,9) (D,0,1,1) 
