38099
43
3888
3888
0 1  1  7  507  9 (D,0,1,1) (S,4,1,2) (S,125,2,2) (S,27,2,3) (S,28,3,4) (S,126,4,2) (S,124,2,1) (S,5,1,5) (D,0,1,1) 
0 1  2  4  435  6 (D,0,1,1) (S,26,1,2) (S,107,2,69) (S,204,69,59) (S,18,59,59) (D,0,1,1) 
0 1  3  9  774 11 (D,0,1,1) (S,29,1,5) (S,32,5,8) (S,130,8,7) (S,129,7,5) (S,31,5,7) (S,30,7,6) (S,128,6,5) (S,116,5,76) (S,25,76,50) (D,0,1,1) 
0 1  4  6  808  8 (D,0,1,1) (S,127,1,4) (S,203,4,58) (S,21,58,58) (S,106,58,69) (S,85,69,52) (S,19,52,52) (D,0,1,1) 
0 1  5  3  595  5 (D,0,1,1) (S,205,1,4) (S,33,4,9) (S,17,9,9) (D,0,1,1) 
0 1  6  6  554  8 (D,0,1,1) (S,193,1,58) (S,219,58,44) (S,10,44,44) (S,77,44,46) (S,1,46,46) (S,175,46,45) (D,0,1,1) 
0 1  7  4  660  6 (D,0,1,1) (S,194,1,11) (S,133,11,10) (S,36,10,12) (S,215,12,20) (D,0,1,1) 
0 1  8  5  776  7 (D,0,1,1) (S,131,1,8) (S,34,8,10) (S,96,10,59) (S,88,59,54) (S,183,54,50) (D,0,1,1) 
0 1  9  5  728  7 (D,0,1,1) (S,105,1,69) (S,97,69,60) (S,8,60,60) (S,103,60,66) (S,101,66,64) (D,0,1,1) 
0 1 10  5  814  7 (D,0,1,1) (S,95,1,59) (S,192,59,57) (S,191,57,42) (S,7,42,43) (S,218,43,21) (D,0,1,1) 
0 1 11  8  741 10 (D,0,1,1) (S,121,1,59) (S,78,59,46) (S,174,46,44) (S,76,44,45) (S,79,45,47) (S,84,47,51) (S,120,51,51) (S,48,51,22) (D,0,1,1) 
0 1 12  5  724  7 (D,0,1,1) (S,173,1,43) (S,172,43,42) (S,74,42,43) (S,93,43,57) (S,11,57,41) (D,0,1,1) 
0 1 13 10  809 12 (D,0,1,1) (S,132,1,9) (S,35,9,11) (S,37,11,16) (S,136,16,13) (S,40,13,15) (S,138,15,14) (S,118,14,77) (S,139,77,13) (S,137,13,13) (S,39,13,14) (D,0,1,1) 
0 1 14 12  768 14 (D,0,1,1) (S,176,1,44) (S,82,44,49) (S,181,49,49) (S,188,49,19) (S,90,19,50) (S,87,50,53) (S,185,53,52) (S,3,52,54) (S,186,54,52) (S,184,52,51) (S,86,51,53) (S,12,53,22) (D,0,1,1) 
0 1 15  6  729  8 (D,0,1,1) (S,81,1,48) (S,178,48,47) (S,83,47,50) (S,187,50,24) (S,148,24,22) (S,50,22,24) (D,0,1,1) 
0 1 16  5  756  7 (D,0,1,1) (S,122,1,67) (S,220,67,60) (S,123,60,67) (S,99,67,62) (S,6,62,66) (D,0,1,1) 
0 1 17  6  875  8 (D,0,1,1) (S,98,1,61) (S,196,61,60) (S,100,60,63) (S,199,63,63) (S,189,63,55) (S,91,55,56) (D,0,1,1) 
0 1 18  6 1050  8 (D,0,1,1) (S,195,1,58) (S,197,58,60) (S,221,60,62) (S,201,62,62) (S,102,62,65) (S,15,65,40) (D,0,1,1) 
0 1 19  8  816 10 (D,0,1,1) (S,80,1,48) (S,177,48,46) (S,180,46,47) (S,182,47,49) (S,145,49,19) (S,13,19,20) (S,214,20,12) (S,117,12,76) (D,0,1,1) 
0 1 20  7  764  9 (D,0,1,1) (S,212,1,56) (S,190,56,42) (S,171,42,41) (S,170,41,40) (S,167,40,39) (S,72,39,41) (S,16,41,39) (D,0,1,1) 
0 1 21  4 1088  6 (D,0,1,1) (S,179,1,11) (S,134,11,11) (S,216,11,15) (S,23,15,72) (D,0,1,1) 
0 1 22  5  793  7 (D,0,1,1) (S,119,1,77) (S,41,77,77) (S,38,77,16) (S,217,16,76) (S,143,76,19) (D,0,1,1) 
0 1 23  5 1398  7 (D,0,1,1) (S,104,1,68) (S,202,68,66) (S,198,66,62) (S,69,62,40) (S,111,40,73) (D,0,1,1) 
0 1 24  4  941  6 (D,0,1,1) (S,94,1,58) (S,92,58,56) (S,73,56,42) (S,168,42,35) (D,0,1,1) 
0 1 25  6 1025  8 (D,0,1,1) (S,144,1,18) (S,46,18,20) (S,44,20,19) (S,45,19,20) (S,207,20,71) (S,209,71,72) (D,0,1,1) 
0 1 26  3  834  5 (D,0,1,1) (S,75,1,44) (S,49,44,75) (S,24,75,75) (D,0,1,1) 
0 1 27  7  867  9 (D,0,1,1) (S,146,1,21) (S,89,21,53) (S,51,53,25) (S,150,25,25) (S,213,25,23) (S,20,23,23) (S,152,23,23) (D,0,1,1) 
0 1 28  3  894  5 (D,0,1,1) (S,135,1,12) (S,113,12,72) (S,208,72,71) (D,0,1,1) 
0 1 29  8 1321 10 (D,0,1,1) (S,114,1,67) (S,169,67,35) (S,166,35,37) (S,165,37,37) (S,67,37,38) (S,68,38,39) (S,71,39,41) (S,110,41,73) (D,0,1,1) 
0 1 30  4  844  6 (D,0,1,1) (S,141,1,15) (S,140,15,15) (S,42,15,17) (S,43,17,18) (D,0,1,1) 
0 1 31  4 1026  6 (D,0,1,1) (S,47,1,21) (S,142,21,18) (S,112,18,74) (S,210,74,73) (D,0,1,1) 
0 1 32  5 1084  7 (D,0,1,1) (S,22,1,65) (S,200,65,63) (S,70,63,39) (S,2,39,32) (S,157,32,30) (D,0,1,1) 
0 1 33  6  936  8 (D,0,1,1) (S,147,1,22) (S,52,22,75) (S,58,75,29) (S,155,29,28) (S,156,28,25) (S,56,25,28) (D,0,1,1) 
0 1 34  8 1188 10 (D,0,1,1) (S,53,1,26) (S,115,26,75) (S,149,75,24) (S,55,24,27) (S,14,27,27) (S,153,27,26) (S,54,26,26) (S,109,26,72) (D,0,1,1) 
0 1 35  3 1022  5 (D,0,1,1) (S,162,1,32) (S,65,32,36) (S,59,36,31) (D,0,1,1) 
0 1 36  4  906  6 (D,0,1,1) (S,60,1,31) (S,158,31,23) (S,151,23,25) (S,57,25,29) (D,0,1,1) 
0 1 37  3 1021  5 (D,0,1,1) (S,164,1,33) (S,163,33,33) (S,154,33,26) (D,0,1,1) 
0 1 38  3 1000  5 (D,0,1,1) (S,61,1,32) (S,160,32,32) (S,62,32,33) (D,0,1,1) 
0 1 39  2 1257  4 (D,0,1,1) (S,211,1,18) (S,9,18,34) (D,0,1,1) 
0 1 40  2  986  4 (D,0,1,1) (S,206,1,70) (S,108,70,71) (D,0,1,1) 
0 1 41  2 1121  4 (D,0,1,1) (S,64,1,35) (S,63,35,34) (D,0,1,1) 
0 1 42  2 1037  4 (D,0,1,1) (S,159,1,31) (S,161,31,32) (D,0,1,1) 
0 1 43  1  827  3 (D,0,1,1) (S,66,1,37) (D,0,1,1) 
