224
6
487
487
0 1  1  5   52  7 (D,0,1,1) (S,1,1,2) (S,22,2,8) (S,7,8,8) (S,16,8,9) (S,5,9,6) (D,0,1,1) 
0 1  2  4   39  6 (D,0,1,1) (S,14,1,4) (S,3,4,4) (S,24,4,5) (S,6,5,7) (D,0,1,1) 
0 1  3  7   45  9 (D,0,1,1) (S,15,1,2) (S,20,2,8) (S,8,8,10) (S,9,10,9) (S,18,9,11) (S,21,11,9) (S,12,9,9) (D,0,1,1) 
0 1  4  6   47  8 (D,0,1,1) (S,11,1,11) (S,23,11,8) (S,13,8,10) (S,10,10,11) (S,17,11,7) (S,4,7,5) (D,0,1,1) 
0 1  5  1   26  3 (D,0,1,1) (S,2,1,3) (D,0,1,1) 
0 1  6  1   15  3 (D,0,1,1) (S,19,1,10) (D,0,1,1) 
