247
7
1303
1303
0 1  1  5   41  7 (D,0,1,1) (S,5,1,6) (S,27,6,6) (S,21,6,3) (S,2,3,3) (S,6,3,7) (D,0,1,1) 
0 1  2  5   52  7 (D,0,1,1) (S,31,1,8) (S,7,8,8) (S,4,8,5) (S,25,5,8) (S,1,8,2) (D,0,1,1) 
0 1  3  4   40  6 (D,0,1,1) (S,18,1,7) (S,26,7,9) (S,8,9,9) (S,3,9,4) (D,0,1,1) 
0 1  4  7   37  9 (D,0,1,1) (S,24,1,10) (S,9,10,10) (S,19,10,4) (S,29,4,10) (S,30,10,11) (S,11,11,10) (S,15,10,11) (D,0,1,1) 
0 1  5  4   32  6 (D,0,1,1) (S,28,1,10) (S,22,10,11) (S,10,11,11) (S,20,11,3) (D,0,1,1) 
0 1  6  5   35  7 (D,0,1,1) (S,13,1,11) (S,17,11,4) (S,23,4,9) (S,16,9,10) (S,12,10,8) (D,0,1,1) 
0 1  7  1   10  3 (D,0,1,1) (S,14,1,5) (D,0,1,1) 
