261
8
1257
1257
0 1  1  5   34  7 (D,0,1,1) (S,5,1,6) (S,32,6,9) (S,3,9,4) (S,31,4,11) (S,9,11,10) (D,0,1,1) 
0 1  2  8   37 10 (D,0,1,1) (S,25,1,9) (S,36,9,9) (S,20,9,6) (S,19,6,4) (S,1,4,2) (S,33,2,8) (S,4,8,5) (S,15,5,11) (D,0,1,1) 
0 1  3  4   29  6 (D,0,1,1) (S,18,1,8) (S,6,8,8) (S,22,8,8) (S,24,8,7) (D,0,1,1) 
0 1  4  5   42  7 (D,0,1,1) (S,27,1,11) (S,11,11,9) (S,16,9,5) (S,28,5,2) (S,2,2,3) (D,0,1,1) 
0 1  5  4   32  6 (D,0,1,1) (S,30,1,10) (S,7,10,10) (S,29,10,9) (S,35,9,3) (D,0,1,1) 
0 1  6  5   33  7 (D,0,1,1) (S,26,1,5) (S,17,5,11) (S,14,11,11) (S,21,11,11) (S,13,11,7) (D,0,1,1) 
0 1  7  4   30  6 (D,0,1,1) (S,8,1,7) (S,34,7,5) (S,12,5,3) (S,37,3,4) (D,0,1,1) 
0 1  8  2   24  4 (D,0,1,1) (S,23,1,11) (S,10,11,10) (D,0,1,1) 
