713
6
317
317
0 1  1  5   64  7 (D,0,1,1) (S,4,1,2) (S,16,2,11) (S,1,11,11) (S,17,11,6) (S,3,6,6) (D,0,1,1) 
0 1  2  5  142  7 (D,0,1,1) (S,11,1,4) (S,18,4,5) (S,20,5,7) (S,23,7,12) (S,7,12,7) (D,0,1,1) 
0 1  3  5  120  7 (D,0,1,1) (S,10,1,3) (S,2,3,3) (S,19,3,12) (S,6,12,4) (S,15,4,3) (D,0,1,1) 
0 1  4  5  120  7 (D,0,1,1) (S,5,1,2) (S,14,2,5) (S,21,5,12) (S,29,12,10) (S,22,10,7) (D,0,1,1) 
0 1  5  5  165  7 (D,0,1,1) (S,28,1,9) (S,12,9,2) (S,13,2,4) (S,26,4,11) (S,9,11,1) (D,0,1,1) 
0 1  6  4  102  6 (D,0,1,1) (S,27,1,8) (S,24,8,10) (S,25,10,10) (S,8,10,1) (D,0,1,1) 
