16697
17
9957
9957
0 1  1 10  855 12 (D,0,1,1) (S,107,1,116) (S,110,116,119) (S,109,119,117) (S,108,117,117) (S,38,117,118) (S,91,118,87) (S,90,87,86) (S,26,86,84) (S,89,84,85) (S,33,85,43) (D,0,1,1) 
0 1  2  5  525  7 (D,0,1,1) (S,30,1,114) (S,12,114,113) (S,105,113,113) (S,111,113,118) (S,29,118,124) (D,0,1,1) 
0 1  3 10  721 12 (D,0,1,1) (S,106,1,114) (S,103,114,112) (S,102,112,111) (S,104,111,112) (S,101,112,110) (S,99,110,108) (S,98,108,107) (S,97,107,106) (S,96,106,105) (S,95,105,104) (D,0,1,1) 
0 1  4  4  906  6 (D,0,1,1) (S,100,1,109) (S,8,109,103) (S,23,103,88) (S,78,88,69) (D,0,1,1) 
0 1  5  6 1014  8 (D,0,1,1) (S,112,1,126) (S,113,126,130) (S,17,130,134) (S,27,134,135) (S,9,135,82) (S,65,82,45) (D,0,1,1) 
0 1  6  8 1042 10 (D,0,1,1) (S,3,1,125) (S,88,125,84) (S,13,84,80) (S,86,80,80) (S,87,80,82) (S,25,82,92) (S,66,92,46) (S,71,46,56) (D,0,1,1) 
0 1  7  9  806 11 (D,0,1,1) (S,76,1,67) (S,79,67,71) (S,81,71,73) (S,80,73,72) (S,40,72,70) (S,77,70,68) (S,22,68,62) (S,73,62,64) (S,36,64,64) (D,0,1,1) 
0 1  8  7  889  9 (D,0,1,1) (S,37,1,78) (S,85,78,79) (S,84,79,78) (S,35,78,76) (S,18,76,46) (S,63,46,44) (S,4,44,38) (D,0,1,1) 
0 1  9  7  908  9 (D,0,1,1) (S,75,1,66) (S,72,66,63) (S,74,63,65) (S,114,65,140) (S,20,140,54) (S,70,54,55) (S,6,55,49) (D,0,1,1) 
0 1 10  7  976  9 (D,0,1,1) (S,83,1,77) (S,16,77,42) (S,10,42,37) (S,62,37,43) (S,82,43,73) (S,64,73,45) (S,60,45,39) (D,0,1,1) 
0 1 11  8 1168 10 (D,0,1,1) (S,92,1,96) (S,94,96,98) (S,93,98,97) (S,69,97,140) (S,2,140,48) (S,68,48,49) (S,11,49,61) (S,67,61,139) (D,0,1,1) 
0 1 12  5 1002  7 (D,0,1,1) (S,1,1,36) (S,58,36,37) (S,59,37,38) (S,61,38,40) (S,24,40,139) (D,0,1,1) 
0 1 13  5 1038  7 (D,0,1,1) (S,57,1,139) (S,15,139,11) (S,56,11,33) (S,115,33,27) (S,54,27,30) (D,0,1,1) 
0 1 14  8 1182 10 (D,0,1,1) (S,45,1,12) (S,14,12,13) (S,46,13,13) (S,31,13,16) (S,34,16,15) (S,28,15,10) (S,47,10,14) (S,53,14,29) (D,0,1,1) 
0 1 15  7 1187  9 (D,0,1,1) (S,39,1,29) (S,19,29,30) (S,52,30,28) (S,55,28,32) (S,21,32,25) (S,50,25,25) (S,7,25,20) (D,0,1,1) 
0 1 16  4 1173  6 (D,0,1,1) (S,43,1,9) (S,44,9,11) (S,32,11,6) (S,42,6,8) (D,0,1,1) 
0 1 17  5 1305  7 (D,0,1,1) (S,51,1,27) (S,49,27,24) (S,48,24,22) (S,5,22,5) (S,41,5,6) (D,0,1,1) 
