1004
9
2893
2893
0 1  1 12   88 14 (D,0,1,1) (S,48,1,6) (S,4,6,6) (S,72,6,2) (S,64,2,1) (S,68,1,3) (S,1,3,3) (S,5,3,7) (S,51,7,18) (S,14,18,18) (S,80,18,13) (S,61,13,4) (S,74,4,2) (D,0,1,1) 
0 1  2 12  100 14 (D,0,1,1) (S,38,1,36) (S,25,36,36) (S,26,36,37) (S,27,37,38) (S,73,38,36) (S,47,36,30) (S,21,30,31) (S,52,31,31) (S,78,31,39) (S,44,39,5) (S,3,5,5) (S,40,5,7) (D,0,1,1) 
0 1  3  9  128 11 (D,0,1,1) (S,8,1,11) (S,50,11,8) (S,6,8,8) (S,79,8,8) (S,66,8,10) (S,7,10,10) (S,76,10,9) (S,67,9,9) (S,17,9,22) (D,0,1,1) 
0 1  4  9  108 11 (D,0,1,1) (S,58,1,12) (S,9,12,12) (S,13,12,17) (S,35,17,19) (S,45,19,17) (S,77,17,6) (S,75,6,11) (S,57,11,40) (S,65,40,3) (D,0,1,1) 
0 1  5  8  124 10 (D,0,1,1) (S,46,1,1) (S,42,1,6) (S,70,6,1) (S,24,1,35) (S,49,35,34) (S,23,34,33) (S,59,33,35) (S,16,35,21) (D,0,1,1) 
0 1  6  8  100 10 (D,0,1,1) (S,34,1,14) (S,10,14,14) (S,11,14,15) (S,12,15,16) (S,55,16,16) (S,63,16,10) (S,32,10,36) (S,36,36,36) (D,0,1,1) 
0 1  7  7  114  9 (D,0,1,1) (S,33,1,34) (S,19,34,27) (S,31,27,34) (S,71,34,33) (S,39,33,34) (S,29,34,27) (S,43,27,30) (D,0,1,1) 
0 1  8 10  144 12 (D,0,1,1) (S,2,1,4) (S,62,4,37) (S,28,37,38) (S,60,38,38) (S,22,38,32) (S,30,32,39) (S,41,39,25) (S,18,25,24) (S,37,24,24) (S,54,24,22) (D,0,1,1) 
0 1  9  5   98  7 (D,0,1,1) (S,20,1,28) (S,53,28,20) (S,15,20,20) (S,56,20,21) (S,69,21,17) (D,0,1,1) 
