259
8
624
624
0 1  1  5   43  7 (D,0,1,1) (S,6,1,7) (S,2,7,3) (S,22,3,9) (S,7,9,9) (S,3,9,4) (D,0,1,1) 
0 1  2  6   35  8 (D,0,1,1) (S,5,1,6) (S,27,6,9) (S,19,9,7) (S,28,7,5) (S,25,5,5) (S,9,5,9) (D,0,1,1) 
0 1  3  6   35  8 (D,0,1,1) (S,23,1,9) (S,29,9,6) (S,24,6,8) (S,4,8,5) (S,11,5,8) (S,13,8,10) (D,0,1,1) 
0 1  4  5   34  7 (D,0,1,1) (S,18,1,7) (S,20,7,9) (S,30,9,11) (S,14,11,10) (S,17,10,10) (D,0,1,1) 
0 1  5  3   37  5 (D,0,1,1) (S,35,1,11) (S,21,11,11) (S,1,11,2) (D,0,1,1) 
0 1  6  6   38  8 (D,0,1,1) (S,32,1,3) (S,31,3,4) (S,16,4,5) (S,36,5,11) (S,26,11,3) (S,33,3,10) (D,0,1,1) 
0 1  7  4   32  6 (D,0,1,1) (S,12,1,10) (S,8,10,10) (S,15,10,7) (S,34,7,4) (D,0,1,1) 
0 1  8  1    5  3 (D,0,1,1) (S,10,1,7) (D,0,1,1) 
