1100
9
1128
1128
0 1  1 10  117 12 (D,0,1,1) (S,40,1,5) (S,2,5,5) (S,36,5,2) (S,72,2,3) (S,1,3,3) (S,54,3,9) (S,6,9,9) (S,67,9,15) (S,52,15,2) (S,11,2,15) (D,0,1,1) 
0 1  2 10  114 12 (D,0,1,1) (S,5,1,8) (S,68,8,13) (S,10,13,13) (S,9,13,12) (S,56,12,8) (S,69,8,10) (S,7,10,10) (S,41,10,9) (S,46,9,14) (S,71,14,17) (D,0,1,1) 
0 1  3  7  125  9 (D,0,1,1) (S,30,1,9) (S,29,9,19) (S,61,19,15) (S,48,15,8) (S,62,8,13) (S,35,13,13) (S,12,13,16) (D,0,1,1) 
0 1  4  7  139  9 (D,0,1,1) (S,26,1,10) (S,37,10,19) (S,13,19,17) (S,33,17,15) (S,42,15,13) (S,43,13,13) (S,53,13,12) (D,0,1,1) 
0 1  5  9  125 11 (D,0,1,1) (S,4,1,7) (S,66,7,4) (S,74,4,12) (S,8,12,11) (S,50,11,11) (S,57,11,16) (S,38,16,20) (S,14,20,20) (S,28,20,28) (D,0,1,1) 
0 1  6 10  139 12 (D,0,1,1) (S,49,1,7) (S,47,7,5) (S,32,5,6) (S,3,6,6) (S,60,6,11) (S,39,11,21) (S,15,21,21) (S,16,21,22) (S,17,22,25) (S,22,25,30) (D,0,1,1) 
0 1  7 12  121 14 (D,0,1,1) (S,23,1,22) (S,59,22,30) (S,65,30,25) (S,44,25,29) (S,21,29,29) (S,45,29,22) (S,24,22,25) (S,55,25,21) (S,73,21,24) (S,70,24,21) (S,34,21,27) (S,51,27,16) (D,0,1,1) 
0 1  8  8  151 10 (D,0,1,1) (S,63,1,29) (S,20,29,28) (S,27,28,27) (S,19,27,27) (S,31,27,28) (S,18,28,26) (S,25,26,30) (S,64,30,23) (D,0,1,1) 
0 1  9  2   69  4 (D,0,1,1) (S,75,1,22) (S,58,22,18) (D,0,1,1) 
