1298
9
1489
1489
0 1  1 11  108 13 (D,0,1,1) (S,1,1,2) (S,2,2,3) (S,80,3,8) (S,65,8,7) (S,79,7,2) (S,86,2,4) (S,30,4,6) (S,46,6,12) (S,5,12,12) (S,4,12,11) (S,9,11,17) (D,0,1,1) 
0 1  2 13  116 15 (D,0,1,1) (S,52,1,2) (S,20,2,9) (S,3,9,9) (S,26,9,9) (S,74,9,15) (S,7,15,15) (S,50,15,10) (S,29,10,25) (S,13,25,24) (S,12,24,23) (S,73,23,14) (S,8,14,16) (S,10,16,19) (D,0,1,1) 
0 1  3 16  137 18 (D,0,1,1) (S,38,1,8) (S,89,8,1) (S,45,1,7) (S,32,7,11) (S,37,11,20) (S,11,20,20) (S,60,20,17) (S,77,17,19) (S,42,19,16) (S,56,16,26) (S,14,26,26) (S,55,26,25) (S,21,25,30) (S,48,30,29) (S,69,29,30) (S,59,30,34) (D,0,1,1) 
0 1  4 10  134 12 (D,0,1,1) (S,6,1,14) (S,57,14,19) (S,33,19,17) (S,35,17,5) (S,95,5,3) (S,71,3,13) (S,66,13,29) (S,70,29,23) (S,88,23,24) (S,84,24,26) (D,0,1,1) 
0 1  5 13  159 15 (D,0,1,1) (S,44,1,10) (S,87,10,12) (S,23,12,17) (S,24,17,21) (S,54,21,28) (S,58,28,22) (S,27,22,22) (S,91,22,27) (S,15,27,27) (S,76,27,36) (S,41,36,41) (S,19,41,41) (S,82,41,39) (D,0,1,1) 
0 1  6  9  168 11 (D,0,1,1) (S,25,1,5) (S,36,5,22) (S,64,22,33) (S,68,33,27) (S,90,27,26) (S,28,26,31) (S,39,31,39) (S,18,39,39) (S,16,39,36) (D,0,1,1) 
0 1  7  9  185 11 (D,0,1,1) (S,61,1,14) (S,63,14,7) (S,75,7,23) (S,43,23,14) (S,22,14,31) (S,96,31,36) (S,31,36,40) (S,67,40,38) (S,47,38,35) (D,0,1,1) 
0 1  8 12  198 14 (D,0,1,1) (S,40,1,26) (S,81,26,32) (S,62,32,20) (S,34,20,32) (S,92,32,32) (S,72,32,37) (S,17,37,37) (S,78,37,41) (S,83,41,39) (S,94,39,34) (S,53,34,34) (S,49,34,38) (D,0,1,1) 
0 1  9  3   93  5 (D,0,1,1) (S,51,1,35) (S,85,35,29) (S,93,29,32) (D,0,1,1) 
