391
7
903
903
0 1  1  2   43  4 (D,0,1,1) (S,12,1,7) (S,6,7,7) (D,0,1,1) 
0 1  2  4   62  6 (D,0,1,1) (S,3,1,4) (S,4,4,5) (S,19,5,5) (S,9,5,2) (D,0,1,1) 
0 1  3  5   71  7 (D,0,1,1) (S,14,1,3) (S,2,3,3) (S,5,3,6) (S,21,6,7) (S,17,7,9) (D,0,1,1) 
0 1  4  4   67  6 (D,0,1,1) (S,16,1,7) (S,13,7,9) (S,8,9,9) (S,10,9,5) (D,0,1,1) 
0 1  5  3   57  5 (D,0,1,1) (S,18,1,6) (S,1,6,2) (S,20,2,7) (D,0,1,1) 
0 1  6  2   69  4 (D,0,1,1) (S,15,1,8) (S,7,8,8) (D,0,1,1) 
0 1  7  1   22  3 (D,0,1,1) (S,11,1,1) (D,0,1,1) 
