978
9
1309
1309
0 1  1 13   92 15 (D,0,1,1) (S,1,1,2) (S,2,2,6) (S,68,6,12) (S,7,12,12) (S,62,12,7) (S,3,7,7) (S,28,7,13) (S,8,13,13) (S,11,13,18) (S,56,18,13) (S,71,13,4) (S,47,4,3) (S,21,3,37) (D,0,1,1) 
0 1  2 14   95 16 (D,0,1,1) (S,61,1,6) (S,64,6,3) (S,34,3,38) (S,67,38,37) (S,75,37,39) (S,22,39,39) (S,82,39,4) (S,54,4,37) (S,79,37,38) (S,52,38,36) (S,37,36,36) (S,44,36,3) (S,35,3,7) (S,55,7,6) (D,0,1,1) 
0 1  3 11  124 13 (D,0,1,1) (S,46,1,2) (S,60,2,8) (S,4,8,8) (S,5,8,9) (S,51,9,9) (S,77,9,8) (S,70,8,9) (S,39,9,14) (S,9,14,14) (S,10,14,15) (S,49,15,21) (D,0,1,1) 
0 1  4  9  101 11 (D,0,1,1) (S,6,1,11) (S,72,11,40) (S,23,40,40) (S,41,40,35) (S,20,35,35) (S,38,35,33) (S,19,33,34) (S,63,34,28) (S,74,28,34) (D,0,1,1) 
0 1  5 12  126 14 (D,0,1,1) (S,48,1,12) (S,76,12,13) (S,85,13,17) (S,40,17,19) (S,26,19,22) (S,45,22,24) (S,36,24,25) (S,30,25,25) (S,78,25,21) (S,65,21,22) (S,66,22,20) (S,50,20,39) (D,0,1,1) 
0 1  6  9  119 11 (D,0,1,1) (S,69,1,1) (S,32,1,16) (S,80,16,15) (S,43,15,10) (S,31,10,10) (S,84,10,28) (S,14,28,28) (S,57,28,27) (S,53,27,16) (D,0,1,1) 
0 1  7  5   98  7 (D,0,1,1) (S,18,1,33) (S,13,33,26) (S,25,26,34) (S,24,34,27) (S,81,27,37) (D,0,1,1) 
0 1  8  8  111 10 (D,0,1,1) (S,42,1,17) (S,73,17,31) (S,16,31,31) (S,58,31,30) (S,83,30,37) (S,15,37,29) (S,33,29,30) (S,59,30,38) (D,0,1,1) 
0 1  9  4  112  6 (D,0,1,1) (S,12,1,20) (S,27,20,24) (S,29,24,23) (S,17,23,32) (D,0,1,1) 
