1308
9
1563
1563
0 1  1 12  100 14 (D,0,1,1) (S,1,1,2) (S,62,2,4) (S,2,4,4) (S,3,4,5) (S,42,5,3) (S,45,3,2) (S,37,2,9) (S,5,9,9) (S,4,9,8) (S,75,8,8) (S,73,8,1) (S,36,1,9) (D,0,1,1) 
0 1  2 14  133 16 (D,0,1,1) (S,50,1,2) (S,65,2,15) (S,8,15,15) (S,34,15,11) (S,9,11,17) (S,11,17,20) (S,79,20,20) (S,58,20,19) (S,10,19,19) (S,41,19,19) (S,43,19,15) (S,57,15,16) (S,80,16,27) (S,15,27,27) (D,0,1,1) 
0 1  3  7  116  9 (D,0,1,1) (S,46,1,7) (S,38,7,25) (S,14,25,24) (S,56,24,23) (S,13,23,23) (S,52,23,14) (S,31,14,25) (D,0,1,1) 
0 1  4 11  134 13 (D,0,1,1) (S,7,1,14) (S,32,14,15) (S,35,15,17) (S,82,17,5) (S,60,5,10) (S,86,10,12) (S,78,12,12) (S,53,12,6) (S,68,6,11) (S,33,11,17) (S,77,17,24) (D,0,1,1) 
0 1  5 10  144 12 (D,0,1,1) (S,29,1,16) (S,48,16,33) (S,51,33,27) (S,76,27,21) (S,12,21,21) (S,83,21,28) (S,88,28,22) (S,59,22,27) (S,19,27,32) (S,66,32,26) (D,0,1,1) 
0 1  6 13  192 15 (D,0,1,1) (S,81,1,22) (S,49,22,32) (S,54,32,25) (S,47,25,19) (S,30,19,31) (S,18,31,31) (S,21,31,35) (S,20,35,34) (S,71,34,39) (S,25,39,39) (S,26,39,40) (S,69,40,39) (S,27,39,41) (D,0,1,1) 
0 1  7  8  169 10 (D,0,1,1) (S,6,1,13) (S,84,13,7) (S,63,7,23) (S,16,23,29) (S,17,29,30) (S,85,30,23) (S,39,23,31) (S,70,31,36) (D,0,1,1) 
0 1  8 10  200 12 (D,0,1,1) (S,64,1,38) (S,24,38,38) (S,61,38,29) (S,40,29,39) (S,74,39,36) (S,22,36,36) (S,28,36,40) (S,55,40,38) (S,67,38,35) (S,72,35,40) (D,0,1,1) 
0 1  9  3  120  5 (D,0,1,1) (S,23,1,37) (S,44,37,33) (S,87,33,36) (D,0,1,1) 
