1290
9
2341
2341
0 1  1 13  103 15 (D,0,1,1) (S,1,1,2) (S,2,2,3) (S,47,3,8) (S,7,8,8) (S,82,8,7) (S,6,7,7) (S,81,7,2) (S,70,2,4) (S,3,4,4) (S,4,4,5) (S,95,5,3) (S,39,3,9) (S,9,9,10) (D,0,1,1) 
0 1  2 13  112 15 (D,0,1,1) (S,51,1,2) (S,8,2,9) (S,68,9,15) (S,13,15,15) (S,67,15,19) (S,16,19,19) (S,48,19,16) (S,54,16,15) (S,12,15,14) (S,40,14,25) (S,20,25,24) (S,64,24,23) (S,72,23,8) (D,0,1,1) 
0 1  3 11  125 13 (D,0,1,1) (S,35,1,14) (S,60,14,24) (S,19,24,23) (S,83,23,14) (S,32,14,25) (S,21,25,26) (S,84,26,25) (S,50,25,32) (S,22,32,27) (S,93,27,21) (S,17,21,21) (D,0,1,1) 
0 1  4 11  186 13 (D,0,1,1) (S,52,1,7) (S,44,7,13) (S,11,13,13) (S,53,13,13) (S,58,13,7) (S,69,7,5) (S,5,5,6) (S,10,6,12) (S,61,12,11) (S,14,11,17) (S,29,17,39) (D,0,1,1) 
0 1  5 16  149 18 (D,0,1,1) (S,90,1,12) (S,42,12,17) (S,76,17,27) (S,71,27,36) (S,28,36,36) (S,88,36,41) (S,30,41,41) (S,45,41,39) (S,46,39,40) (S,86,40,38) (S,85,38,34) (S,26,34,34) (S,27,34,35) (S,65,35,34) (S,80,34,39) (S,62,39,35) (D,0,1,1) 
0 1  6 11  163 13 (D,0,1,1) (S,31,1,17) (S,75,17,19) (S,79,19,17) (S,33,17,21) (S,18,21,22) (S,66,22,27) (S,55,27,26) (S,91,26,26) (S,37,26,31) (S,56,31,35) (S,96,35,30) (D,0,1,1) 
0 1  7  9  198 11 (D,0,1,1) (S,43,1,16) (S,38,16,18) (S,15,18,18) (S,49,18,22) (S,63,22,26) (S,36,26,32) (S,25,32,33) (S,78,33,32) (S,59,32,41) (D,0,1,1) 
0 1  8 11  186 13 (D,0,1,1) (S,87,1,34) (S,94,34,39) (S,74,39,36) (S,34,36,40) (S,89,40,36) (S,77,36,33) (S,24,33,31) (S,57,31,32) (S,73,32,29) (S,23,29,30) (S,92,30,23) (D,0,1,1) 
0 1  9  1   68  3 (D,0,1,1) (S,41,1,31) (D,0,1,1) 
