707
8
556
556
0 1  1  6   85  8 (D,0,1,1) (S,7,1,9) (S,2,9,3) (S,35,3,19) (S,31,19,15) (S,39,15,20) (S,1,20,2) (D,0,1,1) 
0 1  2  7   87  9 (D,0,1,1) (S,4,1,5) (S,36,5,4) (S,3,4,4) (S,17,4,10) (S,38,10,2) (S,30,2,11) (S,23,11,17) (D,0,1,1) 
0 1  3  4   95  6 (D,0,1,1) (S,33,1,19) (S,28,19,21) (S,13,21,21) (S,24,21,17) (D,0,1,1) 
0 1  4  3  111  5 (D,0,1,1) (S,12,1,19) (S,14,19,22) (S,11,22,18) (D,0,1,1) 
0 1  5  6   82  8 (D,0,1,1) (S,16,1,20) (S,37,20,24) (S,21,24,24) (S,25,24,21) (S,40,21,21) (S,8,21,11) (D,0,1,1) 
0 1  6  4   86  6 (D,0,1,1) (S,5,1,6) (S,6,6,7) (S,27,7,5) (S,32,5,17) (D,0,1,1) 
0 1  7  5   84  7 (D,0,1,1) (S,15,1,12) (S,26,12,11) (S,22,11,11) (S,18,11,16) (S,34,16,15) (D,0,1,1) 
0 1  8  5   77  7 (D,0,1,1) (S,29,1,14) (S,9,14,14) (S,20,14,18) (S,10,18,17) (S,19,17,14) (D,0,1,1) 
