16830
14
7948
7948
0 1  1 11  832 13 (D,0,1,1) (S,43,1,4) (S,94,4,2) (S,93,2,2) (S,42,2,3) (S,92,3,1) (S,41,1,2) (S,87,2,69) (S,36,69,69) (S,137,69,59) (S,136,59,58) (S,34,58,59) (D,0,1,1) 
0 1  2  9 1149 11 (D,0,1,1) (S,44,1,5) (S,10,5,6) (S,95,6,4) (S,138,4,4) (S,86,4,69) (S,127,69,58) (S,24,58,58) (S,65,58,46) (S,9,46,50) (D,0,1,1) 
0 1  3 23 1006 25 (D,0,1,1) (S,142,1,44) (S,6,44,45) (S,66,45,47) (S,37,47,49) (S,71,49,52) (S,13,52,52) (S,122,52,50) (S,72,50,54) (S,1,54,54) (S,123,54,52) (S,120,52,49) (S,69,49,50) (S,70,50,51) (S,141,51,21) (S,121,21,49) (S,119,49,47) (S,68,47,49) (S,67,49,48) (S,7,48,48) (S,118,48,47) (S,90,47,51) (S,55,51,22) (S,40,22,19) (D,0,1,1) 
0 1  4  8 1129 10 (D,0,1,1) (S,128,1,11) (S,17,11,11) (S,5,11,10) (S,77,10,59) (S,85,59,69) (S,78,69,60) (S,83,60,66) (S,124,66,55) (D,0,1,1) 
0 1  5 13 1204 15 (D,0,1,1) (S,45,1,10) (S,46,10,12) (S,30,12,12) (S,140,12,20) (S,89,20,76) (S,47,76,16) (S,39,16,16) (S,99,16,13) (S,16,13,13) (S,4,13,14) (S,100,14,13) (S,49,13,14) (S,8,14,55) (D,0,1,1) 
0 1  6 10 1171 12 (D,0,1,1) (S,76,1,59) (S,126,59,57) (S,26,57,57) (S,125,57,42) (S,28,42,43) (S,74,43,57) (S,63,57,44) (S,115,44,44) (S,64,44,45) (S,73,45,56) (D,0,1,1) 
0 1  7  8 1156 10 (D,0,1,1) (S,91,1,59) (S,114,59,43) (S,75,43,58) (S,80,58,62) (S,84,62,68) (S,31,68,68) (S,134,68,62) (S,14,62,63) (D,0,1,1) 
0 1  8 10 1151 12 (D,0,1,1) (S,96,1,9) (S,97,9,11) (S,104,11,19) (S,53,19,20) (S,52,20,19) (S,105,19,19) (S,54,19,21) (S,21,21,22) (S,27,22,24) (S,106,24,21) (D,0,1,1) 
0 1  9 12 1521 14 (D,0,1,1) (S,116,1,44) (S,117,44,46) (S,56,46,75) (S,139,75,23) (S,2,23,23) (S,107,23,22) (S,88,22,75) (S,57,75,31) (S,108,31,23) (S,19,23,27) (S,25,27,28) (S,15,28,34) (D,0,1,1) 
0 1 10 10  944 12 (D,0,1,1) (S,79,1,61) (S,11,61,61) (S,130,61,60) (S,81,60,63) (S,38,63,65) (S,133,65,63) (S,82,63,65) (S,132,65,62) (S,131,62,60) (S,129,60,58) (D,0,1,1) 
0 1 11 11 1454 13 (D,0,1,1) (S,98,1,12) (S,102,12,15) (S,32,15,15) (S,48,15,16) (S,51,16,18) (S,50,18,17) (S,101,17,15) (S,103,15,18) (S,12,18,72) (S,35,72,73) (S,33,73,74) (D,0,1,1) 
0 1 12  9 1286 11 (D,0,1,1) (S,23,1,41) (S,20,41,39) (S,62,39,41) (S,113,41,35) (S,18,35,38) (S,112,38,32) (S,110,32,32) (S,59,32,33) (S,22,33,36) (D,0,1,1) 
0 1 13  6 1556  8 (D,0,1,1) (S,135,1,66) (S,61,66,35) (S,60,35,34) (S,111,34,32) (S,109,32,31) (S,29,31,29) (D,0,1,1) 
0 1 14  2 1271  4 (D,0,1,1) (S,58,1,32) (S,3,32,70) (D,0,1,1) 
