783
10
917
917
0 1  1  8   61 10 (D,0,1,1) (S,1,1,2) (S,2,2,3) (S,48,3,2) (S,37,2,1) (S,44,1,2) (S,56,2,30) (S,41,30,1) (S,22,1,31) (D,0,1,1) 
0 1  2  8   74 10 (D,0,1,1) (S,28,1,8) (S,6,8,9) (S,32,9,31) (S,4,31,5) (S,39,5,31) (S,52,31,6) (S,54,6,11) (S,8,11,11) (D,0,1,1) 
0 1  3  7   71  9 (D,0,1,1) (S,49,1,29) (S,21,29,29) (S,34,29,31) (S,61,31,5) (S,35,5,31) (S,53,31,26) (S,19,26,26) (D,0,1,1) 
0 1  4  8   86 10 (D,0,1,1) (S,50,1,4) (S,3,4,4) (S,26,4,13) (S,10,13,13) (S,9,13,12) (S,25,12,19) (S,14,19,19) (S,42,19,22) (D,0,1,1) 
0 1  5  9  111 11 (D,0,1,1) (S,33,1,31) (S,20,31,27) (S,24,27,27) (S,17,27,24) (S,16,24,23) (S,45,23,26) (S,29,26,25) (S,43,25,12) (S,13,12,18) (D,0,1,1) 
0 1  6  6   73  8 (D,0,1,1) (S,7,1,10) (S,40,10,15) (S,11,15,15) (S,38,15,17) (S,12,17,17) (S,51,17,5) (D,0,1,1) 
0 1  7  6  103  8 (D,0,1,1) (S,23,1,9) (S,27,9,12) (S,62,12,21) (S,15,21,21) (S,46,21,20) (S,59,20,18) (D,0,1,1) 
0 1  8  6   97  8 (D,0,1,1) (S,47,1,10) (S,58,10,11) (S,55,11,18) (S,30,18,22) (S,31,22,22) (S,60,22,19) (D,0,1,1) 
0 1  9  3   69  5 (D,0,1,1) (S,5,1,7) (S,36,7,6) (S,57,6,11) (D,0,1,1) 
0 1 10  1   38  3 (D,0,1,1) (S,18,1,25) (D,0,1,1) 
