505
6
806
806
0 1  1  3   80  5 (D,0,1,1) (S,6,1,7) (S,12,7,9) (S,15,9,8) (D,0,1,1) 
0 1  2  3   83  5 (D,0,1,1) (S,17,1,8) (S,1,8,2) (S,3,2,4) (D,0,1,1) 
0 1  3  5   75  7 (D,0,1,1) (S,16,1,10) (S,7,10,9) (S,8,9,6) (S,5,6,6) (S,2,6,3) (D,0,1,1) 
0 1  4  4   87  6 (D,0,1,1) (S,13,1,2) (S,23,2,1) (S,4,1,5) (S,22,5,8) (D,0,1,1) 
0 1  5  6   97  8 (D,0,1,1) (S,11,1,9) (S,9,9,7) (S,20,7,7) (S,24,7,6) (S,21,6,3) (S,10,3,5) (D,0,1,1) 
0 1  6  3   83  5 (D,0,1,1) (S,19,1,10) (S,14,10,9) (S,18,9,10) (D,0,1,1) 
