811
9
1737
1737
0 1  1  5   62  7 (D,0,1,1) (S,1,1,2) (S,43,2,2) (S,23,2,9) (S,22,9,4) (S,59,4,1) (D,0,1,1) 
0 1  2 12   85 14 (D,0,1,1) (S,60,1,5) (S,2,5,5) (S,3,5,6) (S,7,6,11) (S,44,11,5) (S,52,5,30) (S,49,30,1) (S,19,1,31) (S,35,31,10) (S,8,10,14) (S,48,14,10) (S,57,10,13) (D,0,1,1) 
0 1  3  9   83 11 (D,0,1,1) (S,51,1,29) (S,28,29,31) (S,38,31,28) (S,17,28,28) (S,34,28,28) (S,21,28,27) (S,16,27,27) (S,58,27,4) (S,47,4,9) (D,0,1,1) 
0 1  4  5   78  7 (D,0,1,1) (S,40,1,30) (S,26,30,7) (S,4,7,7) (S,39,7,8) (S,56,8,18) (D,0,1,1) 
0 1  5  8   98 10 (D,0,1,1) (S,20,1,13) (S,18,13,13) (S,32,13,12) (S,24,12,19) (S,42,19,18) (S,11,18,18) (S,53,18,21) (S,9,21,16) (D,0,1,1) 
0 1  6  6   77  8 (D,0,1,1) (S,27,1,31) (S,33,31,6) (S,6,6,10) (S,45,10,16) (S,10,16,17) (S,46,17,11) (D,0,1,1) 
0 1  7  7  102  9 (D,0,1,1) (S,36,1,5) (S,25,5,27) (S,14,27,23) (S,50,23,26) (S,29,26,25) (S,15,25,25) (S,55,25,14) (D,0,1,1) 
0 1  8  5  142  7 (D,0,1,1) (S,5,1,8) (S,41,8,11) (S,31,11,16) (S,54,16,12) (S,12,12,19) (D,0,1,1) 
0 1  9  3   84  5 (D,0,1,1) (S,37,1,18) (S,30,18,22) (S,13,22,20) (D,0,1,1) 
