41527
17
5149
5149
0 1  1 12 2260 14 (D,0,72,72) (S,20,72,59) (S,78,59,61) (S,25,61,74) (S,92,74,73) (S,24,73,73) (S,77,73,60) (S,81,60,74) (S,108,74,88) (S,29,88,88) (S,109,88,75) (S,91,75,83) (S,106,83,86) (D,0,72,72) 
0 1  2  8 2304 10 (D,0,72,72) (S,80,72,62) (S,21,62,62) (S,22,62,63) (S,84,63,51) (S,83,51,64) (S,26,64,77) (S,95,77,89) (S,68,89,62) (D,0,72,72) 
0 1  3  8 2732 10 (D,0,72,72) (S,79,72,48) (S,12,48,35) (S,57,35,37) (S,58,37,38) (S,13,38,39) (S,69,39,51) (S,96,51,76) (S,23,76,69) (D,0,72,72) 
0 1  4 11 2542 13 (D,0,72,72) (S,65,72,58) (S,76,58,71) (S,90,71,68) (S,88,68,67) (S,87,67,66) (S,98,66,80) (S,27,80,80) (S,28,80,81) (S,102,81,83) (S,104,83,96) (S,123,96,112) (D,0,72,72) 
0 1  5  8 2713 10 (D,0,72,72) (S,64,72,44) (S,63,44,43) (S,17,43,43) (S,61,43,30) (S,10,30,30) (S,2,30,6) (S,42,6,7) (S,8,7,27) (D,0,72,72) 
0 1  6  8 2337 10 (D,0,72,72) (S,89,72,56) (S,18,56,56) (S,19,56,57) (S,74,57,70) (S,103,70,84) (S,105,84,71) (S,118,71,97) (S,114,97,80) (D,0,72,72) 
0 1  7  6 2284  8 (D,0,72,72) (S,11,72,33) (S,56,33,20) (S,7,20,18) (S,6,18,16) (S,9,16,29) (S,52,29,40) (D,0,72,72) 
0 1  8  8 2739 10 (D,0,72,72) (S,82,72,75) (S,110,75,89) (S,112,89,91) (S,33,91,104) (S,120,104,103) (S,39,103,116) (S,119,116,101) (S,53,101,29) (D,0,72,72) 
0 1  9  7 2556  9 (D,0,72,72) (S,75,72,59) (S,67,59,60) (S,66,60,46) (S,62,46,42) (S,16,42,42) (S,60,42,41) (S,30,41,92) (D,0,72,72) 
0 1 10  8 2334 10 (D,0,72,72) (S,55,72,32) (S,45,32,20) (S,3,20,8) (S,4,8,10) (S,43,10,11) (S,5,11,12) (S,44,12,26) (S,49,26,38) (D,0,72,72) 
0 1 11  9 2970 11 (D,0,72,72) (S,107,72,98) (S,116,98,96) (S,99,96,81) (S,101,81,94) (S,113,94,79) (S,100,79,82) (S,73,82,44) (S,71,44,67) (S,48,67,24) (D,0,72,72) 
0 1 12  6 2472  8 (D,0,72,72) (S,54,72,31) (S,51,31,28) (S,1,28,1) (S,40,1,15) (S,14,15,40) (S,72,40,68) (D,0,72,72) 
0 1 13  8 2741 10 (D,0,72,72) (S,59,72,29) (S,41,29,4) (S,50,4,25) (S,47,25,37) (S,86,37,78) (S,97,78,77) (S,94,77,75) (S,111,75,77) (D,0,72,72) 
0 1 14  8 3229 10 (D,0,72,72) (S,85,72,52) (S,93,52,63) (S,46,63,9) (S,15,9,41) (S,70,41,41) (S,115,41,84) (S,122,84,111) (S,124,111,114) (D,0,72,72) 
0 1 15  6 2593  8 (D,0,72,72) (S,117,72,110) (S,38,110,114) (S,125,114,116) (S,127,116,104) (S,126,104,117) (S,36,117,108) (D,0,72,72) 
0 1 16  5 2100  7 (D,0,72,72) (S,34,72,105) (S,35,105,107) (S,121,107,108) (S,37,108,109) (S,32,109,101) (D,0,72,72) 
0 1 17  1  621  3 (D,0,72,72) (S,31,72,99) (D,0,72,72) 
