513
9
1659
1659
0 1  1  4   54  6 (D,0,1,1) (S,11,1,19) (S,40,19,27) (S,6,27,8) (S,5,8,6) (D,0,1,1) 
0 1  2  6   57  8 (D,0,1,1) (S,21,1,13) (S,7,13,13) (S,37,13,20) (S,12,20,21) (S,33,21,21) (S,8,21,14) (D,0,1,1) 
0 1  3  7   57  9 (D,0,1,1) (S,17,1,19) (S,25,19,17) (S,15,17,17) (S,31,17,15) (S,39,15,14) (S,22,14,25) (S,23,25,26) (D,0,1,1) 
0 1  4  2   44  4 (D,0,1,1) (S,1,1,2) (S,3,2,4) (D,0,1,1) 
0 1  5  7   90  9 (D,0,1,1) (S,16,1,19) (S,34,19,11) (S,29,11,11) (S,38,11,7) (S,20,7,8) (S,19,8,27) (S,9,27,16) (D,0,1,1) 
0 1  6  3   45  5 (D,0,1,1) (S,4,1,5) (S,36,5,6) (S,2,6,3) (D,0,1,1) 
0 1  7  4   51  6 (D,0,1,1) (S,14,1,24) (S,13,24,23) (S,28,23,25) (S,30,25,26) (D,0,1,1) 
0 1  8  5   64  7 (D,0,1,1) (S,27,1,6) (S,24,6,4) (S,35,4,21) (S,10,21,18) (S,41,18,20) (D,0,1,1) 
0 1  9  3   51  5 (D,0,1,1) (S,32,1,23) (S,26,23,21) (S,18,21,23) (D,0,1,1) 
