291
6
454
454
0 1  1  4   16  6 (D,0,1,1) (S,22,1,12) (S,12,12,7) (S,5,7,7) (S,10,7,12) (D,0,1,1) 
0 1  2  5   39  7 (D,0,1,1) (S,14,1,13) (S,3,13,4) (S,1,4,2) (S,21,2,9) (S,7,9,9) (D,0,1,1) 
0 1  3  5   49  7 (D,0,1,1) (S,9,1,8) (S,6,8,8) (S,23,8,10) (S,16,10,11) (S,8,11,10) (D,0,1,1) 
0 1  4  5  101  7 (D,0,1,1) (S,18,1,4) (S,17,4,4) (S,11,4,2) (S,20,2,10) (S,4,10,5) (D,0,1,1) 
0 1  5  3   45  5 (D,0,1,1) (S,19,1,6) (S,15,6,13) (S,13,13,12) (D,0,1,1) 
0 1  6  1   41  3 (D,0,1,1) (S,2,1,3) (D,0,1,1) 
