1000
9
1331
1331
0 1  1 10  102 12 (D,0,1,1) (S,1,1,2) (S,5,2,6) (S,66,6,12) (S,9,12,12) (S,52,12,6) (S,58,6,3) (S,2,3,3) (S,46,3,6) (S,51,6,1) (S,26,1,37) (D,0,1,1) 
0 1  2 13  111 15 (D,0,1,1) (S,34,1,36) (S,25,36,36) (S,54,36,38) (S,27,38,38) (S,73,38,30) (S,20,30,30) (S,21,30,31) (S,63,31,30) (S,31,30,38) (S,53,38,3) (S,3,3,4) (S,65,4,3) (S,59,3,21) (D,0,1,1) 
0 1  3  9   97 11 (D,0,1,1) (S,8,1,11) (S,44,11,8) (S,6,8,8) (S,7,8,9) (S,74,9,9) (S,57,9,8) (S,56,8,40) (S,29,40,40) (S,35,40,13) (D,0,1,1) 
0 1  4  8  101 10 (D,0,1,1) (S,47,1,12) (S,12,12,17) (S,10,17,13) (S,13,13,18) (S,72,18,17) (S,62,17,11) (S,48,11,40) (S,11,40,16) (D,0,1,1) 
0 1  5  6  109  8 (D,0,1,1) (S,30,1,14) (S,60,14,9) (S,36,9,35) (S,24,35,35) (S,32,35,10) (S,23,10,33) (D,0,1,1) 
0 1  6 10  129 12 (D,0,1,1) (S,38,1,36) (S,19,36,29) (S,49,29,39) (S,28,39,39) (S,4,39,5) (S,61,5,38) (S,70,38,4) (S,33,4,25) (S,64,25,21) (S,14,21,21) (D,0,1,1) 
0 1  7  8  120 10 (D,0,1,1) (S,43,1,34) (S,17,34,27) (S,69,27,35) (S,67,35,15) (S,45,15,16) (S,42,16,15) (S,16,15,26) (S,40,26,27) (D,0,1,1) 
0 1  8  8  141 10 (D,0,1,1) (S,50,1,33) (S,18,33,28) (S,41,28,22) (S,55,22,24) (S,37,24,25) (S,71,25,22) (S,68,22,17) (S,39,17,23) (D,0,1,1) 
0 1  9  2   90  4 (D,0,1,1) (S,22,1,32) (S,15,32,23) (D,0,1,1) 
