258
6
877
877
0 1  1  4   16  6 (D,0,1,1) (S,19,1,12) (S,12,12,7) (S,3,7,7) (S,21,7,12) (D,0,1,1) 
0 1  2  5   49  7 (D,0,1,1) (S,7,1,8) (S,4,8,8) (S,6,8,10) (S,9,10,11) (S,24,11,11) (D,0,1,1) 
0 1  3  4   44  6 (D,0,1,1) (S,1,1,4) (S,17,4,9) (S,5,9,9) (S,20,9,3) (D,0,1,1) 
0 1  4  5   63  7 (D,0,1,1) (S,22,1,10) (S,14,10,8) (S,2,8,5) (S,13,5,5) (S,15,5,4) (D,0,1,1) 
0 1  5  5   59  7 (D,0,1,1) (S,16,1,9) (S,10,9,4) (S,18,4,7) (S,11,7,6) (S,23,6,11) (D,0,1,1) 
0 1  6  1   27  3 (D,0,1,1) (S,8,1,2) (D,0,1,1) 
