880
8
639
639
0 1  1  6   87  8 (D,0,1,1) (S,1,1,2) (S,16,2,4) (S,3,4,4) (S,2,4,3) (S,15,3,4) (S,26,4,21) (D,0,1,1) 
0 1  2  6   90  8 (D,0,1,1) (S,41,1,1) (S,6,1,9) (S,29,9,3) (S,19,3,10) (S,7,10,10) (S,12,10,20) (D,0,1,1) 
0 1  3  4   90  6 (D,0,1,1) (S,4,1,5) (S,8,5,11) (S,34,11,16) (S,22,16,17) (D,0,1,1) 
0 1  4  9  117 11 (D,0,1,1) (S,38,1,11) (S,23,11,15) (S,24,15,24) (S,14,24,24) (S,27,24,15) (S,42,15,5) (S,45,5,23) (S,13,23,23) (S,44,23,23) (D,0,1,1) 
0 1  5  4  107  6 (D,0,1,1) (S,30,1,9) (S,33,9,20) (S,25,20,24) (S,43,24,23) (D,0,1,1) 
0 1  6  7  156  9 (D,0,1,1) (S,20,1,22) (S,31,22,22) (S,35,22,10) (S,28,10,15) (S,32,15,12) (S,9,12,13) (S,40,13,8) (D,0,1,1) 
0 1  7  5  113  7 (D,0,1,1) (S,11,1,17) (S,37,17,6) (S,21,6,7) (S,5,7,8) (S,39,8,14) (D,0,1,1) 
0 1  8  4  120  6 (D,0,1,1) (S,36,1,11) (S,17,11,13) (S,10,13,14) (S,18,14,14) (D,0,1,1) 
