52447
20
3069
3069
0 1  1 10 2392 12 (D,0,1,1) (S,1,1,2) (S,75,2,20) (S,13,20,21) (S,9,21,12) (S,74,12,10) (S,8,10,10) (S,63,10,2) (S,56,2,12) (S,86,12,20) (S,89,20,13) (D,0,1,1) 
0 1  2  7 2215  9 (D,0,1,1) (S,64,1,3) (S,2,3,3) (S,3,3,4) (S,65,4,12) (S,73,12,19) (S,87,19,19) (S,85,19,10) (D,0,1,1) 
0 1  3 11 2574 13 (D,0,1,1) (S,55,1,4) (S,4,4,5) (S,5,5,6) (S,6,6,7) (S,7,7,8) (S,72,8,9) (S,12,9,17) (S,82,17,8) (S,84,8,18) (S,11,18,15) (S,15,15,25) (D,0,1,1) 
0 1  4  7 2528  9 (D,0,1,1) (S,66,1,5) (S,68,5,7) (S,70,7,8) (S,83,8,16) (S,81,16,15) (S,69,15,15) (S,14,15,24) (D,0,1,1) 
0 1  5  9 2425 11 (D,0,1,1) (S,67,1,6) (S,71,6,16) (S,79,16,6) (S,80,6,14) (S,78,14,13) (S,10,13,13) (S,77,13,14) (S,76,14,12) (S,88,12,22) (D,0,1,1) 
0 1  6 11 2486 13 (D,0,1,1) (S,90,1,23) (S,92,23,25) (S,21,25,34) (S,107,34,33) (S,20,33,33) (S,104,33,24) (S,94,24,34) (S,106,34,43) (S,25,43,43) (S,26,43,44) (S,103,44,23) (D,0,1,1) 
0 1  7  8 2470 10 (D,0,1,1) (S,91,1,24) (S,93,24,26) (S,16,26,26) (S,17,26,27) (S,97,27,18) (S,96,18,35) (S,22,35,35) (S,105,35,32) (D,0,1,1) 
0 1  8  7 2802  9 (D,0,1,1) (S,18,1,31) (S,101,31,21) (S,24,21,39) (S,30,39,48) (S,35,48,55) (S,36,55,56) (S,33,56,51) (D,0,1,1) 
0 1  9  6 2449  8 (D,0,1,1) (S,112,1,40) (S,31,40,49) (S,140,49,57) (S,37,57,57) (S,141,57,50) (S,116,50,42) (D,0,1,1) 
0 1 10 10 2719 12 (D,0,1,1) (S,111,1,31) (S,100,31,38) (S,59,38,38) (S,128,38,55) (S,139,55,49) (S,130,49,56) (S,129,56,48) (S,138,48,63) (S,49,63,70) (S,50,70,71) (D,0,1,1) 
0 1 11 10 3323 12 (D,0,1,1) (S,95,1,17) (S,58,17,42) (S,132,42,50) (S,32,50,50) (S,131,50,41) (S,115,41,32) (S,19,32,32) (S,99,32,20) (S,114,20,41) (S,42,41,62) (D,0,1,1) 
0 1 12  7 2667  9 (D,0,1,1) (S,57,1,30) (S,98,30,19) (S,113,19,31) (S,137,31,54) (S,34,54,54) (S,135,54,47) (S,29,47,47) (D,0,1,1) 
0 1 13 10 3314 12 (D,0,1,1) (S,108,1,34) (S,102,34,23) (S,61,23,50) (S,118,50,51) (S,117,51,43) (S,120,43,34) (S,122,34,44) (S,123,44,35) (S,119,35,33) (S,40,33,60) (D,0,1,1) 
0 1 14  7 2574  9 (D,0,1,1) (S,60,1,48) (S,43,48,63) (S,163,63,71) (S,51,71,72) (S,52,72,73) (S,53,73,74) (S,168,74,67) (D,0,1,1) 
0 1 15 11 2668 13 (D,0,1,1) (S,23,1,36) (S,27,36,45) (S,148,45,59) (S,39,59,59) (S,38,59,58) (S,159,58,65) (S,45,65,65) (S,156,65,57) (S,145,57,66) (S,158,66,72) (S,166,72,66) (D,0,1,1) 
0 1 16 10 2812 12 (D,0,1,1) (S,110,1,45) (S,147,45,45) (S,125,45,60) (S,146,60,52) (S,134,52,51) (S,142,51,58) (S,62,58,67) (S,46,67,67) (S,144,67,59) (S,143,59,51) (D,0,1,1) 
0 1 17  8 2861 10 (D,0,1,1) (S,109,1,35) (S,121,35,42) (S,124,42,45) (S,133,45,43) (S,153,43,70) (S,164,70,64) (S,44,64,64) (S,151,64,54) (D,0,1,1) 
0 1 18  7 2659  9 (D,0,1,1) (S,28,1,46) (S,126,46,37) (S,127,37,53) (S,136,53,55) (S,152,55,69) (S,48,69,69) (S,161,69,62) (D,0,1,1) 
0 1 19  8 2736 10 (D,0,1,1) (S,41,1,61) (S,47,61,68) (S,150,68,68) (S,149,68,53) (S,162,53,70) (S,165,70,73) (S,167,73,74) (S,157,74,64) (D,0,1,1) 
0 1 20  4 1773  6 (D,0,1,1) (S,160,1,69) (S,155,69,70) (S,154,70,56) (S,54,56,75) (D,0,1,1) 
