258
8
630
630
0 1  1  3   32  5 (D,0,1,1) (S,6,1,7) (S,2,7,3) (S,29,3,10) (D,0,1,1) 
0 1  2  7   49  9 (D,0,1,1) (S,4,1,5) (S,22,5,8) (S,7,8,8) (S,23,8,11) (S,12,11,9) (S,8,9,9) (S,1,9,2) (D,0,1,1) 
0 1  3  6   37  8 (D,0,1,1) (S,33,1,10) (S,19,10,7) (S,25,7,4) (S,20,4,10) (S,17,10,10) (S,30,10,11) (D,0,1,1) 
0 1  4  3   31  5 (D,0,1,1) (S,28,1,7) (S,24,7,9) (S,3,9,4) (D,0,1,1) 
0 1  5  6   32  8 (D,0,1,1) (S,32,1,6) (S,5,6,6) (S,18,6,3) (S,26,3,11) (S,15,11,3) (S,13,3,8) (D,0,1,1) 
0 1  6  3   29  5 (D,0,1,1) (S,11,1,8) (S,27,8,5) (S,16,5,10) (D,0,1,1) 
0 1  7  4   38  6 (D,0,1,1) (S,14,1,7) (S,21,7,5) (S,31,5,11) (S,9,11,9) (D,0,1,1) 
0 1  8  1   10  3 (D,0,1,1) (S,10,1,7) (D,0,1,1) 
