667
9
910
910
0 1  1  4   62  6 (D,0,1,1) (S,6,1,9) (S,2,9,3) (S,39,3,19) (S,13,19,20) (D,0,1,1) 
0 1  2  8   74 10 (D,0,1,1) (S,4,1,5) (S,1,5,2) (S,27,2,4) (S,3,4,4) (S,45,4,6) (S,34,6,6) (S,17,6,13) (S,11,13,17) (D,0,1,1) 
0 1  3  5   76  7 (D,0,1,1) (S,23,1,11) (S,7,11,11) (S,5,11,6) (S,8,6,12) (S,29,12,17) (D,0,1,1) 
0 1  4  7   70  9 (D,0,1,1) (S,43,1,19) (S,48,19,15) (S,9,15,15) (S,28,15,24) (S,14,24,24) (S,16,24,24) (S,40,24,15) (D,0,1,1) 
0 1  5  6   84  8 (D,0,1,1) (S,47,1,9) (S,19,9,4) (S,22,4,10) (S,33,10,2) (S,36,2,1) (S,31,1,21) (D,0,1,1) 
0 1  6  4   88  6 (D,0,1,1) (S,30,1,22) (S,18,22,23) (S,21,23,23) (S,35,23,5) (D,0,1,1) 
0 1  7  3   83  5 (D,0,1,1) (S,26,1,20) (S,25,20,11) (S,15,11,8) (D,0,1,1) 
0 1  8 10   90 12 (D,0,1,1) (S,32,1,17) (S,38,17,16) (S,10,16,16) (S,46,16,18) (S,12,18,18) (S,41,18,12) (S,37,12,17) (S,24,17,14) (S,20,14,18) (S,44,18,8) (D,0,1,1) 
0 1  9  1   40  3 (D,0,1,1) (S,42,1,14) (D,0,1,1) 
