1172
9
2219
2219
0 1  1 15  114 17 (D,0,1,1) (S,3,1,6) (S,107,6,12) (S,8,12,12) (S,9,12,13) (S,87,13,11) (S,7,11,11) (S,68,11,26) (S,17,26,26) (S,20,26,30) (S,90,30,30) (S,86,30,26) (S,97,26,30) (S,78,30,29) (S,19,29,29) (S,23,29,33) (D,0,1,1) 
0 1  2 14  114 16 (D,0,1,1) (S,81,1,13) (S,37,13,14) (S,10,14,14) (S,11,14,15) (S,74,15,31) (S,21,31,31) (S,24,31,37) (S,28,37,43) (S,30,43,45) (S,83,45,50) (S,35,50,50) (S,108,50,45) (S,109,45,43) (S,27,43,42) (D,0,1,1) 
0 1  3 15  120 17 (D,0,1,1) (S,82,1,1) (S,100,1,6) (S,85,6,6) (S,49,6,21) (S,18,21,27) (S,105,27,22) (S,15,22,22) (S,102,22,21) (S,42,21,36) (S,84,36,41) (S,26,41,41) (S,33,41,48) (S,88,48,41) (S,92,41,48) (S,76,48,47) (D,0,1,1) 
0 1  4 10  120 12 (D,0,1,1) (S,14,1,20) (S,41,20,20) (S,64,20,29) (S,40,29,40) (S,56,40,40) (S,32,40,47) (S,103,47,40) (S,44,40,48) (S,34,48,49) (S,101,49,41) (D,0,1,1) 
0 1  5 13  127 15 (D,0,1,1) (S,45,1,21) (S,48,21,31) (S,99,31,38) (S,25,38,38) (S,106,38,42) (S,29,42,44) (S,72,44,42) (S,55,42,50) (S,79,50,36) (S,73,36,42) (S,98,42,41) (S,50,41,41) (S,53,41,34) (D,0,1,1) 
0 1  6 12  139 14 (D,0,1,1) (S,4,1,7) (S,1,7,2) (S,111,2,8) (S,5,8,8) (S,110,8,7) (S,69,7,1) (S,75,1,6) (S,80,6,12) (S,51,12,19) (S,67,19,26) (S,60,26,19) (S,2,19,5) (D,0,1,1) 
0 1  7 12  181 14 (D,0,1,1) (S,61,1,11) (S,43,11,34) (S,65,34,29) (S,31,29,46) (S,39,46,27) (S,70,27,34) (S,38,34,36) (S,63,36,28) (S,112,28,32) (S,22,32,32) (S,71,32,32) (S,6,32,9) (D,0,1,1) 
0 1  8 11  124 13 (D,0,1,1) (S,52,1,23) (S,104,23,22) (S,96,22,37) (S,46,37,43) (S,95,43,23) (S,62,23,8) (S,47,8,15) (S,77,15,24) (S,16,24,24) (S,59,24,28) (S,66,28,23) (D,0,1,1) 
0 1  9 10  133 12 (D,0,1,1) (S,12,1,16) (S,93,16,9) (S,57,9,17) (S,13,17,17) (S,89,17,17) (S,58,17,25) (S,91,25,38) (S,54,38,9) (S,36,9,4) (S,94,4,10) (D,0,1,1) 
