64383
76
11490
11490
0 1  1  7  429  9 (D,0,1,1) (S,181,1,116) (S,370,116,115) (S,182,115,117) (S,184,117,117) (S,374,117,2) (S,186,2,119) (S,191,119,121) (D,0,1,1) 
0 1  2  7  419  9 (D,0,1,1) (S,371,1,1) (S,183,1,117) (S,372,117,116) (S,180,116,116) (S,369,116,114) (S,368,114,113) (S,366,113,112) (D,0,1,1) 
0 1  3  6  380  8 (D,0,1,1) (S,185,1,118) (S,192,118,122) (S,5,122,122) (S,382,122,121) (S,383,121,87) (S,15,87,87) (D,0,1,1) 
0 1  4  6  514  8 (D,0,1,1) (S,373,1,115) (S,188,115,118) (S,381,118,120) (S,377,120,119) (S,329,119,86) (S,19,86,86) (D,0,1,1) 
0 1  5  6  482  8 (D,0,1,1) (S,187,1,120) (S,376,120,117) (S,196,117,123) (S,384,123,122) (S,380,122,118) (S,190,118,121) (D,0,1,1) 
0 1  6  5  503  7 (D,0,1,1) (S,179,1,115) (S,178,115,114) (S,367,114,103) (S,333,103,90) (S,26,90,90) (D,0,1,1) 
0 1  7 12  794 14 (D,0,1,1) (S,23,1,112) (S,176,112,113) (S,364,113,110) (S,363,110,110) (S,173,110,111) (S,174,111,112) (S,365,112,107) (S,362,107,107) (S,172,107,110) (S,175,110,112) (S,357,112,105) (S,155,105,98) (D,0,1,1) 
0 1  8  7  532  9 (D,0,1,1) (S,379,1,91) (S,143,91,91) (S,332,91,88) (S,142,88,90) (S,189,90,118) (S,194,118,123) (S,139,123,87) (D,0,1,1) 
0 1  9  3  576  5 (D,0,1,1) (S,375,1,117) (S,378,117,114) (S,2,114,105) (D,0,1,1) 
0 1 10  6  521  8 (D,0,1,1) (S,169,1,108) (S,359,108,107) (S,360,107,106) (S,167,106,106) (S,356,106,104) (S,28,104,104) (D,0,1,1) 
0 1 11  9  692 11 (D,0,1,1) (S,358,1,106) (S,166,106,105) (S,355,105,102) (S,352,102,101) (S,341,101,93) (S,160,93,101) (S,159,101,100) (S,350,100,94) (S,113,94,69) (D,0,1,1) 
0 1 12  6  543  8 (D,0,1,1) (S,197,1,125) (S,404,125,136) (S,30,136,136) (S,405,136,131) (S,208,131,133) (S,8,133,133) (D,0,1,1) 
0 1 13  7  930  9 (D,0,1,1) (S,195,1,124) (S,206,124,131) (S,397,131,131) (S,207,131,132) (S,215,132,138) (S,214,138,138) (S,345,138,97) (D,0,1,1) 
0 1 14  7  717  9 (D,0,1,1) (S,386,1,120) (S,193,120,122) (S,140,122,88) (S,146,88,92) (S,336,92,89) (S,331,89,88) (S,17,88,69) (D,0,1,1) 
0 1 15  6  544  8 (D,0,1,1) (S,328,1,85) (S,24,85,85) (S,327,85,84) (S,138,84,86) (S,148,86,92) (S,135,92,84) (D,0,1,1) 
0 1 16  2  561  4 (D,0,1,1) (S,171,1,109) (S,7,109,109) (D,0,1,1) 
0 1 17  3  544  5 (D,0,1,1) (S,335,1,66) (S,161,66,101) (S,165,101,104) (D,0,1,1) 
0 1 18  6  598  8 (D,0,1,1) (S,164,1,103) (S,354,103,91) (S,141,91,89) (S,338,89,84) (S,137,84,85) (S,325,85,82) (D,0,1,1) 
0 1 19  4  834  6 (D,0,1,1) (S,170,1,108) (S,168,108,107) (S,177,107,113) (S,25,113,63) (D,0,1,1) 
0 1 20  6  723  8 (D,0,1,1) (S,353,1,102) (S,351,102,66) (S,162,66,102) (S,151,102,94) (S,107,94,64) (S,296,64,62) (D,0,1,1) 
0 1 21  8  596 10 (D,0,1,1) (S,334,1,68) (S,302,68,67) (S,116,67,71) (S,306,71,69) (S,303,69,67) (S,114,67,70) (S,304,70,69) (S,112,69,68) (D,0,1,1) 
0 1 22  6  946  8 (D,0,1,1) (S,388,1,4) (S,199,4,126) (S,389,126,124) (S,200,124,127) (S,394,127,127) (S,6,127,46) (D,0,1,1) 
0 1 23  5  652  7 (D,0,1,1) (S,385,1,123) (S,216,123,138) (S,213,138,137) (S,403,137,136) (S,399,136,133) (D,0,1,1) 
0 1 24  5  711  7 (D,0,1,1) (S,387,1,123) (S,205,123,130) (S,395,130,126) (S,204,126,129) (S,398,129,132) (D,0,1,1) 
0 1 25  7  775  9 (D,0,1,1) (S,330,1,86) (S,326,86,83) (S,323,83,82) (S,136,82,84) (S,147,84,92) (S,133,92,83) (S,275,83,43) (D,0,1,1) 
0 1 26  7  792  9 (D,0,1,1) (S,406,1,125) (S,402,125,134) (S,210,134,135) (S,12,135,135) (S,401,135,134) (S,209,134,134) (S,131,134,81) (D,0,1,1) 
0 1 27  3  503  5 (D,0,1,1) (S,322,1,80) (S,10,80,81) (S,320,81,79) (D,0,1,1) 
0 1 28  6  805  8 (D,0,1,1) (S,201,1,128) (S,391,128,127) (S,393,127,128) (S,390,128,126) (S,396,126,126) (S,319,126,79) (D,0,1,1) 
0 1 29  5  723  7 (D,0,1,1) (S,163,1,103) (S,152,103,95) (S,156,95,99) (S,346,99,96) (S,343,96,95) (D,0,1,1) 
0 1 30  9  763 11 (D,0,1,1) (S,337,1,82) (S,324,82,81) (S,130,81,81) (S,129,81,80) (S,134,80,83) (S,321,83,80) (S,318,80,78) (S,128,78,79) (S,85,79,46) (D,0,1,1) 
0 1 31  7  792  9 (D,0,1,1) (S,132,1,82) (S,317,82,77) (S,315,77,76) (S,127,76,78) (S,316,78,46) (S,80,46,44) (S,101,44,60) (D,0,1,1) 
0 1 32  4  764  6 (D,0,1,1) (S,392,1,3) (S,202,3,128) (S,203,128,129) (S,211,129,135) (D,0,1,1) 
0 1 33  4  732  6 (D,0,1,1) (S,145,1,91) (S,111,91,67) (S,117,67,72) (S,307,72,71) (D,0,1,1) 
0 1 34  6  710  8 (D,0,1,1) (S,300,1,62) (S,150,62,93) (S,340,93,63) (S,106,63,63) (S,295,63,57) (S,220,57,70) (D,0,1,1) 
0 1 35  4  773  6 (D,0,1,1) (S,144,1,90) (S,301,90,66) (S,305,66,70) (S,115,70,71) (D,0,1,1) 
0 1 36  3  726  5 (D,0,1,1) (S,212,1,136) (S,400,136,133) (S,198,133,124) (D,0,1,1) 
0 1 37  5  763  7 (D,0,1,1) (S,339,1,64) (S,297,64,63) (S,110,63,66) (S,122,66,75) (S,125,75,77) (D,0,1,1) 
0 1 38  7  928  9 (D,0,1,1) (S,348,1,99) (S,154,99,97) (S,344,97,96) (S,153,96,96) (S,347,96,97) (S,286,97,55) (S,96,55,56) (D,0,1,1) 
0 1 39  7  937  9 (D,0,1,1) (S,349,1,94) (S,149,94,93) (S,108,93,65) (S,298,65,64) (S,299,64,56) (S,285,56,54) (S,272,54,34) (D,0,1,1) 
0 1 40  6  911  8 (D,0,1,1) (S,410,1,58) (S,288,58,57) (S,105,57,62) (S,98,62,58) (S,287,58,56) (S,82,56,45) (D,0,1,1) 
0 1 41  2  872  4 (D,0,1,1) (S,361,1,108) (S,119,108,74) (D,0,1,1) 
0 1 42  6  803  8 (D,0,1,1) (S,118,1,73) (S,124,73,76) (S,126,76,77) (S,313,77,75) (S,310,75,73) (S,120,73,74) (D,0,1,1) 
0 1 43  7  793  9 (D,0,1,1) (S,314,1,74) (S,308,74,72) (S,309,72,72) (S,311,72,44) (S,271,44,44) (S,268,44,42) (S,273,42,42) (D,0,1,1) 
0 1 44  6  800  8 (D,0,1,1) (S,99,1,59) (S,29,59,59) (S,102,59,61) (S,294,61,49) (S,278,49,48) (S,279,48,48) (D,0,1,1) 
0 1 45 10  820 12 (D,0,1,1) (S,84,1,47) (S,83,47,47) (S,78,47,43) (S,267,43,37) (S,269,37,37) (S,79,37,43) (S,274,43,46) (S,77,46,42) (S,260,42,36) (S,22,36,36) (D,0,1,1) 
0 1 46  3  815  5 (D,0,1,1) (S,342,1,94) (S,158,94,100) (S,157,100,99) (D,0,1,1) 
0 1 47  4  788  6 (D,0,1,1) (S,266,1,41) (S,265,41,38) (S,262,38,38) (S,258,38,35) (D,0,1,1) 
0 1 48  4  991  6 (D,0,1,1) (S,123,1,76) (S,312,76,71) (S,103,71,61) (S,18,61,35) (D,0,1,1) 
0 1 49  8  865 10 (D,0,1,1) (S,259,1,35) (S,71,35,38) (S,73,38,40) (S,264,40,40) (S,74,40,41) (S,75,41,41) (S,72,41,39) (S,263,39,39) (D,0,1,1) 
0 1 50  5  812  7 (D,0,1,1) (S,100,1,60) (S,291,60,45) (S,67,45,35) (S,70,35,37) (S,68,37,36) (D,0,1,1) 
0 1 51  5 1026  7 (D,0,1,1) (S,289,1,58) (S,290,58,59) (S,292,59,60) (S,81,60,45) (S,276,45,33) (D,0,1,1) 
0 1 52  5 1085  7 (D,0,1,1) (S,121,1,73) (S,270,73,43) (S,69,43,37) (S,261,37,36) (S,89,36,50) (D,0,1,1) 
0 1 53  3  915  5 (D,0,1,1) (S,257,1,34) (S,66,34,139) (S,88,139,49) (D,0,1,1) 
0 1 54  5  893  7 (D,0,1,1) (S,109,1,65) (S,97,65,57) (S,217,57,140) (S,407,140,55) (S,95,55,55) (D,0,1,1) 
0 1 55  8 1147 10 (D,0,1,1) (S,218,1,140) (S,408,140,54) (S,283,54,53) (S,282,53,52) (S,93,52,140) (S,104,140,61) (S,249,61,28) (S,16,28,30) (D,0,1,1) 
0 1 56  5 1012  7 (D,0,1,1) (S,284,1,49) (S,87,49,139) (S,86,139,139) (S,255,139,11) (S,43,11,17) (D,0,1,1) 
0 1 57  7 1204  9 (D,0,1,1) (S,293,1,59) (S,94,59,140) (S,92,140,53) (S,281,53,51) (S,91,51,52) (S,21,52,11) (S,13,11,28) (D,0,1,1) 
0 1 58  3 1144  5 (D,0,1,1) (S,76,1,47) (S,38,47,13) (S,45,13,18) (D,0,1,1) 
0 1 59  5 1183  7 (D,0,1,1) (S,90,1,51) (S,280,51,50) (S,277,50,48) (S,60,48,30) (S,250,30,28) (D,0,1,1) 
0 1 60  5 1062  7 (D,0,1,1) (S,256,1,34) (S,254,34,29) (S,59,29,29) (S,248,29,27) (S,1,27,27) (D,0,1,1) 
0 1 61  5 1048  7 (D,0,1,1) (S,226,1,8) (S,223,8,6) (S,20,6,6) (S,34,6,9) (S,35,9,10) (D,0,1,1) 
0 1 62  5 1157  7 (D,0,1,1) (S,65,1,33) (S,219,33,27) (S,58,27,28) (S,63,28,32) (S,3,32,25) (D,0,1,1) 
0 1 63  8 1032 10 (D,0,1,1) (S,37,1,12) (S,44,12,16) (S,27,16,16) (S,231,16,15) (S,234,15,13) (S,232,13,15) (S,41,15,16) (S,42,16,17) (D,0,1,1) 
0 1 64  7 1165  9 (D,0,1,1) (S,48,1,20) (S,9,20,22) (S,240,22,20) (S,50,20,22) (S,54,22,25) (S,244,25,24) (S,62,24,31) (D,0,1,1) 
0 1 65  8 1099 10 (D,0,1,1) (S,227,1,11) (S,39,11,14) (S,4,14,14) (S,229,14,13) (S,233,13,13) (S,228,13,12) (S,46,12,19) (S,236,19,18) (D,0,1,1) 
0 1 66  4 1248  6 (D,0,1,1) (S,64,1,33) (S,61,33,31) (S,252,31,26) (S,11,26,21) (D,0,1,1) 
0 1 67  4 1154  6 (D,0,1,1) (S,247,1,25) (S,243,25,23) (S,246,23,23) (S,56,23,26) (D,0,1,1) 
0 1 68  4 1202  6 (D,0,1,1) (S,409,1,11) (S,36,11,11) (S,235,11,17) (S,230,17,10) (D,0,1,1) 
0 1 69  5 1120  7 (D,0,1,1) (S,237,1,10) (S,14,10,10) (S,224,10,8) (S,33,8,8) (S,32,8,7) (D,0,1,1) 
0 1 70  5 1203  7 (D,0,1,1) (S,221,1,5) (S,31,5,6) (S,222,6,6) (S,225,6,9) (S,47,9,19) (D,0,1,1) 
0 1 71  3 1087  5 (D,0,1,1) (S,57,1,27) (S,55,27,26) (S,251,26,30) (D,0,1,1) 
0 1 72  4 1196  6 (D,0,1,1) (S,52,1,24) (S,242,24,20) (S,238,20,12) (S,40,12,15) (D,0,1,1) 
0 1 73  2 1154  4 (D,0,1,1) (S,49,1,21) (S,53,21,24) (D,0,1,1) 
0 1 74  2 1073  4 (D,0,1,1) (S,253,1,30) (S,245,30,25) (D,0,1,1) 
0 1 75  2 1241  4 (D,0,1,1) (S,241,1,21) (S,51,21,23) (D,0,1,1) 
0 1 76  1 1036  3 (D,0,1,1) (S,239,1,20) (D,0,1,1) 
