29944
27
10237
10237
0 1  1 11  575 13 (D,0,1,1) (S,169,1,116) (S,265,116,1) (S,170,1,117) (S,45,117,2) (S,171,2,117) (S,267,117,2) (S,173,2,119) (S,19,119,120) (S,269,120,117) (S,266,117,116) (S,49,116,114) (D,0,1,1) 
0 1  2 14 1049 16 (D,0,1,1) (S,172,1,118) (S,41,118,122) (S,9,122,87) (S,240,87,86) (S,144,86,87) (S,239,87,85) (S,238,85,84) (S,143,84,86) (S,142,86,85) (S,237,85,83) (S,234,83,82) (S,141,82,84) (S,236,84,82) (S,151,82,98) (D,0,1,1) 
0 1  3  7  769  9 (D,0,1,1) (S,174,1,118) (S,34,118,123) (S,271,123,4) (S,175,4,124) (S,50,124,126) (S,272,126,124) (S,177,124,127) (D,0,1,1) 
0 1  4 14  827 16 (D,0,1,1) (S,264,1,113) (S,262,113,112) (S,168,112,114) (S,263,114,103) (S,15,103,103) (S,22,103,102) (S,26,102,104) (S,157,104,106) (S,44,106,106) (S,253,106,105) (S,252,105,104) (S,156,104,105) (S,251,105,102) (S,114,102,64) (D,0,1,1) 
0 1  5 15  738 17 (D,0,1,1) (S,166,1,113) (S,260,113,110) (S,13,110,111) (S,259,111,110) (S,163,110,111) (S,164,111,112) (S,261,112,107) (S,258,107,107) (S,162,107,110) (S,165,110,112) (S,159,112,108) (S,18,108,108) (S,255,108,107) (S,256,107,106) (S,254,106,106) (D,0,1,1) 
0 1  6  5 1149  7 (D,0,1,1) (S,268,1,117) (S,270,117,114) (S,161,114,109) (S,155,109,104) (S,119,104,69) (D,0,1,1) 
0 1  7 11 1171 13 (D,0,1,1) (S,160,1,108) (S,158,108,107) (S,167,107,113) (S,145,113,92) (S,241,92,89) (S,242,89,82) (S,235,82,81) (S,231,81,79) (S,139,79,83) (S,146,83,92) (S,93,92,47) (D,0,1,1) 
0 1  8 17 1229 19 (D,0,1,1) (S,176,1,126) (S,3,126,127) (S,276,127,128) (S,274,128,127) (S,277,127,127) (S,181,127,129) (S,178,129,128) (S,273,128,126) (S,16,126,131) (S,35,131,132) (S,280,132,131) (S,185,131,133) (S,27,133,133) (S,281,133,132) (S,184,132,132) (S,46,132,136) (S,247,136,97) (D,0,1,1) 
0 1  9 12 1111 14 (D,0,1,1) (S,193,1,138) (S,287,138,136) (S,288,136,131) (S,187,131,135) (S,284,135,134) (S,282,134,133) (S,189,133,136) (S,289,136,125) (S,191,125,138) (S,190,138,137) (S,286,137,136) (S,94,136,46) (D,0,1,1) 
0 1 10 10 1246 12 (D,0,1,1) (S,183,1,131) (S,186,131,134) (S,283,134,133) (S,188,133,135) (S,192,135,138) (S,285,138,134) (S,279,134,126) (S,278,126,126) (S,180,126,129) (S,92,129,47) (D,0,1,1) 
0 1 11 13 1162 15 (D,0,1,1) (S,182,1,130) (S,275,130,3) (S,179,3,128) (S,140,128,84) (S,138,84,83) (S,233,83,80) (S,39,80,80) (S,232,80,80) (S,136,80,81) (S,135,81,81) (S,134,81,80) (S,230,80,79) (S,87,79,43) (D,0,1,1) 
0 1 12 15  932 17 (D,0,1,1) (S,137,1,82) (S,229,82,78) (S,133,78,79) (S,228,79,77) (S,28,77,77) (S,226,77,76) (S,132,76,78) (S,227,78,46) (S,89,46,44) (S,48,44,44) (S,25,44,45) (S,91,45,45) (S,127,45,73) (S,222,73,73) (S,215,73,67) (D,0,1,1) 
0 1 13 13  875 15 (D,0,1,1) (S,31,1,94) (S,243,94,64) (S,210,64,63) (S,209,63,62) (S,148,62,93) (S,244,93,63) (S,116,63,66) (S,118,66,68) (S,214,68,67) (S,122,67,71) (S,2,71,71) (S,218,71,69) (S,213,69,66) (D,0,1,1) 
0 1 14 15  928 17 (D,0,1,1) (S,117,1,67) (S,120,67,70) (S,24,70,70) (S,216,70,69) (S,123,69,72) (S,219,72,71) (S,125,71,74) (S,126,74,74) (S,220,74,72) (S,217,72,70) (S,121,70,71) (S,124,71,73) (S,129,73,76) (S,130,76,77) (S,225,77,74) (D,0,1,1) 
0 1 15 13 1027 15 (D,0,1,1) (S,212,1,62) (S,113,62,63) (S,208,63,57) (S,112,57,62) (S,105,62,58) (S,293,58,58) (S,197,58,70) (S,106,70,59) (S,109,59,61) (S,47,61,61) (S,207,61,49) (S,43,49,49) (S,5,49,48) (D,0,1,1) 
0 1 16 13  963 15 (D,0,1,1) (S,250,1,99) (S,12,99,99) (S,248,99,96) (S,4,96,96) (S,245,96,95) (S,20,95,95) (S,152,95,99) (S,150,99,97) (S,246,97,96) (S,149,96,96) (S,249,96,97) (S,154,97,100) (S,147,100,93) (D,0,1,1) 
0 1 17  6 1131  8 (D,0,1,1) (S,257,1,108) (S,115,108,65) (S,211,65,64) (S,200,64,56) (S,199,56,55) (S,104,55,57) (D,0,1,1) 
0 1 18  9 1080 11 (D,0,1,1) (S,224,1,75) (S,11,75,75) (S,128,75,76) (S,131,76,77) (S,221,77,72) (S,223,72,44) (S,108,44,60) (S,204,60,45) (S,21,45,35) (D,0,1,1) 
0 1 19 16 1326 18 (D,0,1,1) (S,201,1,57) (S,103,57,56) (S,198,56,54) (S,194,54,140) (S,290,140,55) (S,102,55,55) (S,195,55,140) (S,291,140,54) (S,111,54,61) (S,101,61,140) (S,100,140,140) (S,97,140,50) (S,96,50,49) (S,205,49,60) (S,77,60,36) (S,32,36,38) (D,0,1,1) 
0 1 20 14 1325 16 (D,0,1,1) (S,88,1,43) (S,86,43,42) (S,78,42,37) (S,7,37,36) (S,79,36,37) (S,80,37,38) (S,14,38,39) (S,84,39,41) (S,10,41,41) (S,81,41,39) (S,83,39,41) (S,82,41,40) (S,90,40,45) (S,38,45,28) (D,0,1,1) 
0 1 21  7 1282  9 (D,0,1,1) (S,153,1,99) (S,110,99,61) (S,206,61,59) (S,203,59,59) (S,107,59,60) (S,202,60,58) (S,76,58,35) (D,0,1,1) 
0 1 22 11 1318 13 (D,0,1,1) (S,75,1,139) (S,95,139,139) (S,196,139,27) (S,70,27,30) (S,33,30,30) (S,69,30,29) (S,72,29,32) (S,37,32,32) (S,71,32,31) (S,68,31,28) (S,29,28,25) (D,0,1,1) 
0 1 23  8 1469 10 (D,0,1,1) (S,85,1,47) (S,98,47,51) (S,42,51,51) (S,99,51,53) (S,74,53,33) (S,55,33,12) (S,23,12,12) (S,6,12,13) (D,0,1,1) 
0 1 24 10 1337 12 (D,0,1,1) (S,60,1,20) (S,8,20,20) (S,62,20,22) (S,63,22,24) (S,36,24,24) (S,67,24,27) (S,73,27,33) (S,56,33,13) (S,58,13,16) (S,57,16,14) (D,0,1,1) 
0 1 25  9 1560 11 (D,0,1,1) (S,292,1,11) (S,30,11,8) (S,52,8,8) (S,17,8,7) (S,53,7,9) (S,59,9,19) (S,40,19,14) (S,65,14,25) (S,1,25,21) (D,0,1,1) 
0 1 26  4 1427  6 (D,0,1,1) (S,54,1,11) (S,61,11,21) (S,64,21,24) (S,66,24,26) (D,0,1,1) 
0 1 27  1  938  3 (D,0,1,1) (S,51,1,6) (D,0,1,1) 
