2778
19
2473
2473
0 1  1 11  120 13 (D,0,1,1) (S,48,1,7) (S,10,7,7) (S,112,7,2) (S,51,2,8) (S,122,8,7) (S,41,7,7) (S,40,7,3) (S,4,3,3) (S,124,3,8) (S,119,8,6) (S,61,6,13) (D,0,1,1) 
0 1  2  9  137 11 (D,0,1,1) (S,116,1,5) (S,7,5,5) (S,46,5,11) (S,1,11,19) (S,90,19,34) (S,177,34,33) (S,176,33,33) (S,169,33,29) (S,9,29,41) (D,0,1,1) 
0 1  3 10  131 12 (D,0,1,1) (S,50,1,13) (S,132,13,12) (S,123,12,7) (S,108,7,1) (S,49,1,12) (S,121,12,6) (S,110,6,1) (S,39,1,6) (S,38,6,5) (S,59,5,12) (D,0,1,1) 
0 1  4 11  133 13 (D,0,1,1) (S,120,1,6) (S,37,6,2) (S,52,2,13) (S,62,13,20) (S,133,20,12) (S,64,12,21) (S,135,21,13) (S,130,13,11) (S,76,11,26) (S,99,26,34) (S,170,34,30) (D,0,1,1) 
0 1  5 11  136 13 (D,0,1,1) (S,63,1,14) (S,127,14,9) (S,56,9,15) (S,5,15,23) (S,139,23,15) (S,84,15,31) (S,173,31,32) (S,166,32,28) (S,103,28,38) (S,29,38,50) (S,28,50,45) (D,0,1,1) 
0 1  6 11  151 13 (D,0,1,1) (S,78,1,30) (S,175,30,33) (S,106,33,40) (S,161,40,26) (S,162,26,27) (S,160,27,26) (S,149,26,20) (S,146,20,19) (S,89,19,30) (S,88,30,29) (S,22,29,47) (D,0,1,1) 
0 1  7  9  134 11 (D,0,1,1) (S,77,1,21) (S,94,21,36) (S,172,36,31) (S,101,31,37) (S,165,37,27) (S,91,27,30) (S,147,30,19) (S,144,19,18) (S,75,18,20) (D,0,1,1) 
0 1  8 10  151 12 (D,0,1,1) (S,45,1,6) (S,125,6,8) (S,114,8,3) (S,57,3,16) (S,138,16,15) (S,83,15,24) (S,3,24,25) (S,156,25,24) (S,87,24,28) (S,95,28,32) (D,0,1,1) 
0 1  9  9  149 11 (D,0,1,1) (S,47,1,18) (S,143,18,18) (S,131,18,11) (S,60,11,19) (S,118,19,5) (S,117,5,5) (S,74,5,29) (S,159,29,26) (S,98,26,39) (D,0,1,1) 
0 1 10 12  159 14 (D,0,1,1) (S,109,1,1) (S,66,1,22) (S,152,22,22) (S,81,22,23) (S,68,23,23) (S,67,23,16) (S,136,16,14) (S,65,14,15) (S,134,15,13) (S,80,13,27) (S,151,27,21) (S,24,21,48) (D,0,1,1) 
0 1 11 10  154 12 (D,0,1,1) (S,79,1,22) (S,137,22,14) (S,55,14,10) (S,8,10,10) (S,6,10,4) (S,44,4,10) (S,113,10,3) (S,43,3,9) (S,53,9,9) (S,100,9,32) (D,0,1,1) 
0 1 12 10  151 12 (D,0,1,1) (S,148,1,20) (S,73,20,26) (S,97,26,33) (S,105,33,39) (S,107,39,46) (S,34,46,48) (S,25,48,49) (S,2,49,49) (S,23,49,42) (S,30,42,49) (D,0,1,1) 
0 1 13  9  159 11 (D,0,1,1) (S,54,1,14) (S,128,14,9) (S,70,9,24) (S,142,24,17) (S,71,17,25) (S,86,25,32) (S,96,32,38) (S,19,38,43) (S,32,43,50) (D,0,1,1) 
0 1 14 11  164 13 (D,0,1,1) (S,72,1,19) (S,145,19,18) (S,12,18,40) (S,11,40,35) (S,21,35,41) (S,35,41,49) (S,31,49,50) (S,27,50,44) (S,26,44,43) (S,18,43,43) (S,17,43,38) (D,0,1,1) 
0 1 15  9  168 11 (D,0,1,1) (S,69,1,17) (S,140,17,16) (S,85,16,25) (S,154,25,23) (S,82,23,31) (S,102,31,37) (S,163,37,27) (S,164,27,27) (S,14,27,41) (D,0,1,1) 
0 1 16  9  152 11 (D,0,1,1) (S,150,1,21) (S,93,21,35) (S,16,35,42) (S,15,42,37) (S,155,37,23) (S,153,23,22) (S,171,22,31) (S,157,31,24) (S,141,24,16) (D,0,1,1) 
0 1 17  8  182 10 (D,0,1,1) (S,92,1,31) (S,158,31,25) (S,129,25,10) (S,115,10,4) (S,126,4,9) (S,42,9,4) (S,58,4,17) (S,111,17,2) (D,0,1,1) 
0 1 18  8  204 10 (D,0,1,1) (S,13,1,36) (S,174,36,32) (S,167,32,28) (S,20,28,45) (S,36,45,50) (S,104,50,34) (S,168,34,29) (S,178,29,33) (D,0,1,1) 
0 1 19  1   43  3 (D,0,1,1) (S,33,1,47) (D,0,1,1) 
