25887
10
1549
1549
0 1  1  8 2582 10 (D,0,1,1) (S,1,1,2) (S,42,2,1) (S,39,1,12) (S,10,12,12) (S,18,12,21) (S,26,21,29) (S,60,29,28) (S,17,28,20) (D,0,1,1) 
0 1  2  9 2384 11 (D,0,1,1) (S,41,1,11) (S,9,11,11) (S,53,11,28) (S,25,28,28) (S,68,28,28) (S,61,28,30) (S,27,30,30) (S,62,30,31) (S,28,31,31) (D,0,1,1) 
0 1  3  6 2357  8 (D,0,1,1) (S,49,1,20) (S,48,20,12) (S,11,12,13) (S,12,13,15) (S,20,15,23) (S,50,23,14) (D,0,1,1) 
0 1  4  9 2837 11 (D,0,1,1) (S,2,1,4) (S,3,4,5) (S,43,5,4) (S,44,4,6) (S,4,6,6) (S,45,6,5) (S,46,5,16) (S,21,16,24) (S,30,24,33) (D,0,1,1) 
0 1  5  8 2834 10 (D,0,1,1) (S,33,1,38) (S,34,38,39) (S,35,39,40) (S,36,40,41) (S,37,41,42) (S,38,42,43) (S,72,43,36) (S,24,36,27) (D,0,1,1) 
0 1  6  7 2569  9 (D,0,1,1) (S,51,1,16) (S,13,16,16) (S,55,16,33) (S,64,33,24) (S,66,24,34) (S,22,34,25) (S,23,25,26) (D,0,1,1) 
0 1  7 10 2882 12 (D,0,1,1) (S,19,1,22) (S,63,22,30) (S,54,30,23) (S,40,23,31) (S,29,31,32) (S,65,32,32) (S,70,32,40) (S,69,40,33) (S,59,33,19) (S,16,19,19) (D,0,1,1) 
0 1  8  5 2754  7 (D,0,1,1) (S,5,1,7) (S,7,7,9) (S,14,9,17) (S,15,17,18) (S,6,18,8) (D,0,1,1) 
0 1  9  6 2492  8 (D,0,1,1) (S,47,1,10) (S,8,10,10) (S,52,10,18) (S,58,18,18) (S,31,18,35) (S,32,35,36) (D,0,1,1) 
0 1 10  5 2196  7 (D,0,1,1) (S,57,1,34) (S,56,34,26) (S,67,26,43) (S,73,43,42) (S,71,42,43) (D,0,1,1) 
