884
8
811
811
0 1  1  7   80  9 (D,0,1,1) (S,13,1,2) (S,1,2,2) (S,18,2,5) (S,7,5,11) (S,39,11,21) (S,12,21,21) (S,11,21,20) (D,0,1,1) 
0 1  2  7  117  9 (D,0,1,1) (S,30,1,3) (S,2,3,3) (S,19,3,4) (S,36,4,3) (S,40,3,19) (S,38,19,23) (S,37,23,18) (D,0,1,1) 
0 1  3  6   81  8 (D,0,1,1) (S,17,1,10) (S,6,10,10) (S,41,10,23) (S,43,23,20) (S,26,20,24) (S,29,24,21) (D,0,1,1) 
0 1  4  4  100  6 (D,0,1,1) (S,3,1,5) (S,35,5,5) (S,20,5,15) (S,9,15,16) (D,0,1,1) 
0 1  5  8  126 10 (D,0,1,1) (S,32,1,11) (S,44,11,16) (S,45,16,13) (S,27,13,17) (S,33,17,12) (S,8,12,12) (S,34,12,11) (S,5,11,7) (D,0,1,1) 
0 1  6  5  144  7 (D,0,1,1) (S,42,1,9) (S,22,9,20) (S,23,20,22) (S,21,22,22) (S,10,22,18) (D,0,1,1) 
0 1  7  5  136  7 (D,0,1,1) (S,15,1,21) (S,24,21,23) (S,14,23,18) (S,31,18,13) (S,25,13,7) (D,0,1,1) 
0 1  8  3  100  5 (D,0,1,1) (S,28,1,6) (S,4,6,6) (S,16,6,14) (D,0,1,1) 
