1215
9
1266
1266
0 1  1 11  105 13 (D,0,1,1) (S,53,1,7) (S,3,7,7) (S,42,7,13) (S,6,13,13) (S,60,13,18) (S,8,18,18) (S,44,18,12) (S,37,12,13) (S,31,13,19) (S,41,19,26) (S,68,26,20) (D,0,1,1) 
0 1  2  5  108  7 (D,0,1,1) (S,50,1,18) (S,57,18,25) (S,13,25,25) (S,66,25,25) (S,9,25,19) (D,0,1,1) 
0 1  3 15  129 17 (D,0,1,1) (S,82,1,1) (S,47,1,6) (S,63,6,7) (S,74,7,1) (S,21,1,12) (S,59,12,20) (S,79,20,14) (S,7,14,15) (S,73,15,20) (S,33,20,31) (S,15,31,32) (S,62,32,31) (S,45,31,33) (S,16,33,33) (S,32,33,23) (D,0,1,1) 
0 1  4 11  120 13 (D,0,1,1) (S,1,1,2) (S,48,2,9) (S,4,9,9) (S,71,9,3) (S,72,3,10) (S,43,10,4) (S,2,4,4) (S,55,4,2) (S,58,2,8) (S,38,8,14) (S,52,14,21) (D,0,1,1) 
0 1  5 13  148 15 (D,0,1,1) (S,25,1,2) (S,30,2,15) (S,10,15,21) (S,64,21,20) (S,34,20,27) (S,49,27,32) (S,75,32,32) (S,46,32,32) (S,69,32,28) (S,14,28,28) (S,61,28,34) (S,70,34,27) (S,56,27,28) (D,0,1,1) 
0 1  6  8  137 10 (D,0,1,1) (S,24,1,22) (S,11,22,23) (S,12,23,24) (S,20,24,28) (S,17,28,34) (S,27,34,33) (S,40,33,34) (S,83,34,17) (D,0,1,1) 
0 1  7  9  208 11 (D,0,1,1) (S,77,1,19) (S,26,19,31) (S,80,31,18) (S,18,18,30) (S,36,30,27) (S,28,27,10) (S,78,10,23) (S,54,23,24) (S,76,24,11) (D,0,1,1) 
0 1  8 11  184 13 (D,0,1,1) (S,39,1,11) (S,5,11,11) (S,51,11,4) (S,23,4,9) (S,22,9,16) (S,81,16,15) (S,29,15,17) (S,65,17,24) (S,84,24,17) (S,85,17,10) (S,67,10,11) (D,0,1,1) 
0 1  9  2   76  4 (D,0,1,1) (S,19,1,11) (S,35,11,10) (D,0,1,1) 
