154164
31
2166986
2166986
0 1  1 31 3211 33 (D,0,350,350) (S,288,350,288) (S,349,288,351) (S,599,351,351) (S,443,351,466) (S,3,466,3) (S,521,3,560) (S,358,560,3) (S,594,3,633) (S,350,633,353) (S,306,353,306) (S,803,306,826) (S,274,826,274) (S,593,274,560) (S,113,560,113) (S,6,113,6) (S,341,6,341) (S,357,341,360) (S,598,360,637) (S,597,637,636) (S,802,636,636) (S,571,636,615) (S,112,615,112) (S,392,112,405) (S,579,405,621) (S,35,621,35) (S,520,35,112) (S,572,112,350) (S,384,350,394) (S,116,394,116) (S,29,116,29) (S,284,29,284) (D,0,350,350) 
0 1  2 11 3587 13 (D,0,350,350) (S,391,350,404) (S,393,404,406) (S,302,406,302) (S,394,302,408) (S,130,408,130) (S,654,130,126) (S,4,126,4) (S,36,4,36) (S,91,36,91) (S,103,91,103) (S,269,103,269) (D,0,350,350) 
0 1  3 16 2725 18 (D,0,350,350) (S,830,350,620) (S,827,620,845) (S,282,845,282) (S,344,282,344) (S,444,344,467) (S,47,467,47) (S,291,47,291) (S,184,291,184) (S,495,184,530) (S,683,530,146) (S,146,146,146) (S,21,146,21) (S,139,21,139) (S,173,139,173) (S,519,173,559) (S,661,559,558) (D,0,350,350) 
0 1  4 58 4803 60 (D,0,350,350) (S,523,350,562) (S,804,562,656) (S,805,656,382) (S,666,382,676) (S,647,676,483) (S,667,483,693) (S,88,693,88) (S,807,88,521) (S,808,521,829) (S,214,829,214) (S,699,214,728) (S,213,728,213) (S,215,213,215) (S,488,215,521) (S,428,521,449) (S,227,449,227) (S,18,227,18) (S,80,18,80) (S,487,80,449) (S,60,449,60) (S,430,60,451) (S,61,451,61) (S,264,61,264) (S,429,264,60) (S,263,60,263) (S,459,263,88) (S,648,88,169) (S,169,169,169) (S,87,169,87) (S,678,87,706) (S,649,706,104) (S,104,104,104) (S,651,104,170) (S,170,170,170) (S,182,170,182) (S,717,182,747) (S,674,747,182) (S,619,182,653) (S,610,653,151) (S,151,151,151) (S,612,151,152) (S,152,152,152) (S,613,152,650) (S,153,650,153) (S,134,153,134) (S,8,134,8) (S,561,8,8) (S,562,8,604) (S,563,604,135) (S,135,135,135) (S,583,135,623) (S,584,623,624) (S,617,624,484) (S,58,484,58) (S,618,58,652) (S,293,652,293) (S,460,293,57) (S,272,57,272) (D,0,350,350) 
0 1  5 35 3651 37 (D,0,350,350) (S,522,350,561) (S,596,561,561) (S,131,561,131) (S,553,131,595) (S,305,595,305) (S,623,305,116) (S,383,116,392) (S,586,392,627) (S,587,627,616) (S,574,616,617) (S,588,617,145) (S,145,145,145) (S,589,145,408) (S,736,408,628) (S,126,628,126) (S,125,126,125) (S,548,125,126) (S,34,126,34) (S,390,34,402) (S,621,402,7) (S,7,7,7) (S,622,7,655) (S,657,655,655) (S,783,655,811) (S,688,811,683) (S,171,683,171) (S,656,171,684) (S,407,684,424) (S,782,424,423) (S,784,423,683) (S,544,683,589) (S,545,589,124) (S,5,124,5) (S,315,5,315) (S,229,315,229) (D,0,350,350) 
0 1  6 54 4254 56 (D,0,350,350) (S,786,350,813) (S,645,813,675) (S,646,675,385) (S,376,385,18) (S,506,18,544) (S,14,544,14) (S,15,14,15) (S,375,15,16) (S,16,16,16) (S,17,16,17) (S,440,17,69) (S,69,69,69) (S,441,69,462) (S,105,462,105) (S,509,105,547) (S,510,547,548) (S,508,548,546) (S,319,546,319) (S,507,319,105) (S,301,105,301) (S,106,301,106) (S,516,106,557) (S,124,557,124) (S,517,124,76) (S,76,76,76) (S,452,76,413) (S,518,413,83) (S,83,83,83) (S,109,83,109) (S,110,109,110) (S,111,110,111) (S,767,111,199) (S,199,199,199) (S,200,199,200) (S,769,200,801) (S,1,801,1) (S,348,1,349) (S,770,349,348) (S,141,348,141) (S,201,141,201) (S,771,201,645) (S,322,645,322) (S,772,322,802) (S,300,802,300) (S,634,300,665) (S,159,665,159) (S,309,159,309) (S,467,309,54) (S,54,54,54) (S,413,54,50) (S,50,50,50) (S,427,50,312) (S,713,312,359) (S,22,359,22) (D,0,350,350) 
0 1  7 39 4004 41 (D,0,350,350) (S,624,350,87) (S,149,87,149) (S,606,149,646) (S,607,646,150) (S,150,150,150) (S,133,150,133) (S,564,133,603) (S,559,603,602) (S,609,602,648) (S,611,648,649) (S,614,649,651) (S,368,651,378) (S,535,378,580) (S,120,580,120) (S,537,120,582) (S,370,582,381) (S,369,381,379) (S,222,379,222) (S,615,222,376) (S,367,376,377) (S,616,377,623) (S,420,623,439) (S,421,439,294) (S,294,294,294) (S,57,294,57) (S,461,57,296) (S,296,296,296) (S,422,296,440) (S,43,440,43) (S,575,43,439) (S,505,439,43) (S,581,43,542) (S,347,542,347) (S,504,347,543) (S,582,543,346) (S,346,346,346) (S,148,346,148) (S,316,148,316) (S,183,316,183) (D,0,350,350) 
0 1  8 32 4794 34 (D,0,350,350) (S,787,350,685) (S,271,685,271) (S,788,271,816) (S,785,816,812) (S,653,812,680) (S,13,680,13) (S,365,13,374) (S,620,374,34) (S,366,34,375) (S,652,375,679) (S,496,679,532) (S,371,532,383) (S,372,383,384) (S,373,384,386) (S,374,386,14) (S,734,14,768) (S,298,768,298) (S,486,298,519) (S,806,519,18) (S,658,18,685) (S,333,685,333) (S,439,333,461) (S,399,461,415) (S,626,415,557) (S,398,557,414) (S,42,414,42) (S,766,42,800) (S,353,800,356) (S,768,356,661) (S,354,661,357) (S,779,357,172) (S,127,172,127) (D,0,350,350) 
0 1  9 25 3023 27 (D,0,350,350) (S,406,350,47) (S,292,47,292) (S,819,292,529) (S,820,529,839) (S,821,839,840) (S,280,840,280) (S,483,280,514) (S,744,514,559) (S,591,559,632) (S,704,632,632) (S,228,632,228) (S,592,228,290) (S,290,290,290) (S,12,290,12) (S,363,12,370) (S,325,370,325) (S,703,325,369) (S,738,369,773) (S,343,773,343) (S,824,343,697) (S,670,697,673) (S,825,673,577) (S,25,577,25) (S,534,25,579) (S,168,579,168) (D,0,350,350) 
0 1 10 61 5901 63 (D,0,350,350) (S,558,350,133) (S,560,133,134) (S,681,134,708) (S,359,708,363) (S,694,363,721) (S,549,721,43) (S,287,43,287) (S,167,287,167) (S,642,167,671) (S,641,671,167) (S,794,167,819) (S,795,819,821) (S,117,821,117) (S,143,117,143) (S,526,143,566) (S,580,566,622) (S,796,622,770) (S,735,770,770) (S,262,770,262) (S,797,262,187) (S,187,187,187) (S,690,187,716) (S,188,716,188) (S,689,188,717) (S,724,717,754) (S,692,754,717) (S,260,717,260) (S,691,260,719) (S,335,719,335) (S,334,335,334) (S,257,334,257) (S,217,257,217) (S,218,217,218) (S,232,218,232) (S,273,232,273) (S,219,273,219) (S,331,219,331) (S,248,331,248) (S,249,248,249) (S,711,249,742) (S,250,742,250) (S,700,250,730) (S,798,730,452) (S,62,452,62) (S,223,62,223) (S,431,223,453) (S,799,453,824) (S,800,824,102) (S,102,102,102) (S,801,102,825) (S,323,825,323) (S,179,323,179) (S,178,179,178) (S,204,178,204) (S,181,204,181) (S,241,181,241) (S,205,241,205) (S,206,205,206) (S,242,206,242) (S,243,242,243) (S,258,243,258) (D,0,350,350) 
0 1 11 15 2880 17 (D,0,350,350) (S,818,350,838) (S,817,838,837) (S,816,837,836) (S,668,836,138) (S,138,138,138) (S,494,138,529) (S,682,529,184) (S,573,184,139) (S,142,139,142) (S,578,142,619) (S,669,619,696) (S,279,696,279) (S,281,279,281) (S,533,281,578) (S,10,578,10) (D,0,350,350) 
0 1 12 43 7071 45 (D,0,350,350) (S,156,350,156) (S,157,156,157) (S,547,157,592) (S,310,592,310) (S,158,310,158) (S,625,158,657) (S,608,657,603) (S,313,603,313) (S,673,313,653) (S,650,653,677) (S,503,677,541) (S,332,541,332) (S,660,332,688) (S,442,688,464) (S,789,464,190) (S,190,190,190) (S,790,190,234) (S,234,234,234) (S,484,234,516) (S,791,516,817) (S,530,817,572) (S,792,572,216) (S,216,216,216) (S,664,216,691) (S,175,691,175) (S,235,175,235) (S,793,235,9) (S,9,9,9) (S,256,9,256) (S,251,256,251) (S,252,251,252) (S,714,252,744) (S,144,744,144) (S,324,144,324) (S,538,324,584) (S,706,584,737) (S,203,737,203) (S,176,203,176) (S,283,176,283) (S,693,283,108) (S,185,108,185) (S,265,185,265) (S,275,265,275) (D,0,350,350) 
0 1 13 40 4316 42 (D,0,350,350) (S,815,350,834) (S,86,834,86) (S,822,86,841) (S,823,841,842) (S,643,842,673) (S,515,673,108) (S,108,108,108) (S,644,108,578) (S,381,578,391) (S,31,391,31) (S,826,31,278) (S,278,278,278) (S,686,278,10) (S,687,10,714) (S,11,714,11) (S,447,11,11) (S,448,11,472) (S,289,472,289) (S,512,289,550) (S,812,550,471) (S,318,471,318) (S,685,318,713) (S,386,713,397) (S,511,397,289) (S,813,289,833) (S,532,833,576) (S,814,576,279) (S,33,279,33) (S,388,33,399) (S,680,399,707) (S,557,707,372) (S,107,372,107) (S,679,107,600) (S,32,600,32) (S,385,32,396) (S,30,396,30) (S,445,30,469) (S,340,469,340) (S,469,340,492) (S,132,492,132) (D,0,350,350) 
0 1 14 28 5173 30 (D,0,350,350) (S,345,350,345) (S,829,345,849) (S,328,849,328) (S,590,328,630) (S,387,630,398) (S,412,398,315) (S,119,315,119) (S,777,119,469) (S,352,469,5) (S,415,5,53) (S,53,53,53) (S,416,53,435) (S,776,435,807) (S,524,807,564) (S,603,564,307) (S,307,307,307) (S,100,307,100) (S,514,100,554) (S,604,554,644) (S,99,644,99) (S,737,99,772) (S,605,772,645) (S,378,645,388) (S,632,388,490) (S,468,490,437) (S,55,437,55) (S,98,55,98) (S,93,98,93) (D,0,350,350) 
0 1 15 37 5088 39 (D,0,350,350) (S,655,350,424) (S,451,424,73) (S,73,73,73) (S,74,73,74) (S,75,74,75) (S,781,75,809) (S,662,809,689) (S,389,689,401) (S,546,401,73) (S,780,73,74) (S,172,74,172) (S,659,172,172) (S,82,172,82) (S,456,82,478) (S,446,478,470) (S,491,470,434) (S,778,434,4) (S,577,4,340) (S,490,340,470) (S,775,470,563) (S,473,563,499) (S,629,499,660) (S,489,660,523) (S,299,523,299) (S,525,299,565) (S,409,565,48) (S,48,48,48) (S,410,48,429) (S,49,429,49) (S,482,49,512) (S,665,512,49) (S,480,49,509) (S,411,509,430) (S,140,430,140) (S,576,140,141) (S,741,141,710) (S,479,710,507) (D,0,350,350) 
0 1 16 15 3771 17 (D,0,350,350) (S,364,350,372) (S,774,372,806) (S,423,806,442) (S,675,442,702) (S,379,702,390) (S,380,390,23) (S,23,23,23) (S,663,23,504) (S,314,504,314) (S,477,314,24) (S,24,24,24) (S,639,24,551) (S,166,551,166) (S,230,166,230) (S,94,230,94) (D,0,350,350) 
0 1 17 38 4688 40 (D,0,350,350) (S,351,350,355) (S,336,355,336) (S,92,336,92) (S,513,92,552) (S,640,552,166) (S,676,166,703) (S,718,703,254) (S,254,254,254) (S,317,254,317) (S,719,317,255) (S,255,255,255) (S,677,255,704) (S,70,704,70) (S,697,70,725) (S,684,725,711) (S,708,711,429) (S,478,429,505) (S,231,505,231) (S,745,231,780) (S,746,780,781) (S,747,781,782) (S,96,782,96) (S,748,96,626) (S,97,626,97) (S,476,97,503) (S,174,503,174) (S,810,174,831) (S,396,831,410) (S,471,410,495) (S,470,495,493) (S,122,493,122) (S,809,122,122) (S,342,122,342) (S,554,342,596) (S,539,596,114) (S,114,114,114) (S,485,114,518) (S,462,518,486) (D,0,350,350) 
0 1 18  8 5758 10 (D,0,350,350) (S,828,350,847) (S,121,847,121) (S,536,121,581) (S,630,581,662) (S,118,662,118) (S,528,118,569) (S,285,569,285) (S,37,285,37) (D,0,350,350) 
0 1 19 20 5880 22 (D,0,350,350) (S,355,350,358) (S,356,358,359) (S,633,359,159) (S,831,159,852) (S,527,852,567) (S,529,567,570) (S,303,570,303) (S,270,303,270) (S,773,270,804) (S,833,804,286) (S,286,286,286) (S,832,286,854) (S,329,854,329) (S,308,329,308) (S,631,308,349) (S,417,349,436) (S,56,436,56) (S,418,56,437) (S,247,437,247) (S,276,247,276) (D,0,350,350) 
0 1 20  7 3856  9 (D,0,350,350) (S,707,350,739) (S,811,739,659) (S,555,659,598) (S,602,598,642) (S,19,642,19) (S,226,19,226) (S,147,226,147) (D,0,350,350) 
0 1 21 24 7162 26 (D,0,350,350) (S,743,350,779) (S,115,779,115) (S,240,115,240) (S,742,240,777) (S,246,777,246) (S,481,246,511) (S,233,511,233) (S,419,233,51) (S,51,51,51) (S,414,51,433) (S,52,433,52) (S,672,52,699) (S,312,699,312) (S,180,312,180) (S,716,180,746) (S,671,746,698) (S,327,698,327) (S,463,327,487) (S,464,487,89) (S,39,89,39) (S,221,39,221) (S,155,221,155) (S,531,155,574) (S,749,574,147) (D,0,350,350) 
0 1 22 45 5514 47 (D,0,350,350) (S,408,350,426) (S,585,426,626) (S,757,626,574) (S,758,574,795) (S,595,795,634) (S,338,634,338) (S,715,338,253) (S,253,253,253) (S,638,253,669) (S,165,669,165) (S,761,165,277) (S,277,277,277) (S,339,277,339) (S,95,339,95) (S,198,95,198) (S,434,198,457) (S,66,457,66) (S,762,66,455) (S,763,455,798) (S,764,798,90) (S,90,90,90) (S,2,90,2) (S,84,2,84) (S,85,84,85) (S,720,85,749) (S,722,749,752) (S,723,752,753) (S,721,753,750) (S,259,750,259) (S,457,259,480) (S,26,480,26) (S,123,26,123) (S,382,123,27) (S,27,27,27) (S,543,27,26) (S,542,26,123) (S,466,123,489) (S,458,489,482) (S,304,482,304) (S,129,304,129) (S,709,129,129) (S,540,129,586) (S,63,586,63) (S,64,63,64) (S,164,64,164) (D,0,350,350) 
0 1 23 28 7132 30 (D,0,350,350) (S,395,350,409) (S,89,409,89) (S,465,89,297) (S,297,297,297) (S,705,297,735) (S,38,735,38) (S,731,38,500) (S,474,500,501) (S,475,501,501) (S,733,501,767) (S,732,767,365) (S,696,365,722) (S,360,722,365) (S,326,365,326) (S,695,326,723) (S,154,723,154) (S,601,154,641) (S,81,641,81) (S,454,81,81) (S,455,81,476) (S,750,476,785) (S,186,785,186) (S,20,186,20) (S,438,20,321) (S,472,321,497) (S,67,497,67) (S,760,67,797) (S,238,797,238) (D,0,350,350) 
0 1 24  7 5197  9 (D,0,350,350) (S,499,350,537) (S,498,537,308) (S,497,308,534) (S,751,534,786) (S,698,786,727) (S,565,727,607) (S,220,607,220) (D,0,350,350) 
0 1 25  8 4634 10 (D,0,350,350) (S,337,350,337) (S,361,337,367) (S,377,367,19) (S,362,19,368) (S,628,368,659) (S,435,659,458) (S,321,458,321) (S,189,321,189) (D,0,350,350) 
0 1 26  7 4751  9 (D,0,350,350) (S,500,350,535) (S,752,535,787) (S,436,787,459) (S,437,459,68) (S,68,68,68) (S,225,68,225) (S,197,225,197) (D,0,350,350) 
0 1 27  6 4766  8 (D,0,350,350) (S,501,350,539) (S,311,539,311) (S,753,311,789) (S,71,789,71) (S,72,71,72) (S,450,72,454) (D,0,350,350) 
0 1 28  6 4868  8 (D,0,350,350) (S,627,350,597) (S,710,597,741) (S,556,741,599) (S,433,599,455) (S,196,455,196) (S,756,196,266) (D,0,350,350) 
0 1 29 13 5347 15 (D,0,350,350) (S,502,350,540) (S,449,540,72) (S,195,72,195) (S,755,195,793) (S,266,793,266) (S,267,266,267) (S,759,267,160) (S,160,160,160) (S,192,160,192) (S,194,192,194) (S,193,194,193) (S,161,193,161) (S,45,161,45) (D,0,350,350) 
0 1 30 42 7716 44 (D,0,350,350) (S,740,350,776) (S,739,776,220) (S,727,220,757) (S,725,757,756) (S,728,756,761) (S,726,761,758) (S,729,758,763) (S,730,763,261) (S,261,261,261) (S,162,261,162) (S,397,162,412) (S,40,412,40) (S,701,40,411) (S,635,411,524) (S,637,524,416) (S,163,416,163) (S,295,163,295) (S,702,295,733) (S,77,733,77) (S,78,77,78) (S,79,78,79) (S,600,79,639) (S,765,639,59) (S,59,59,59) (S,424,59,443) (S,401,443,418) (S,403,418,420) (S,44,420,44) (S,268,44,268) (S,404,268,421) (S,405,421,46) (S,46,46,46) (S,552,46,128) (S,128,128,128) (S,191,128,191) (S,550,191,446) (S,551,446,46) (S,426,46,446) (S,137,446,137) (S,712,137,743) (S,236,743,236) (S,569,236,612) (D,0,350,350) 
0 1 31 34 8643 36 (D,0,350,350) (S,320,350,320) (S,541,320,489) (S,28,489,28) (S,65,28,65) (S,432,65,64) (S,224,64,224) (S,400,224,417) (S,402,417,419) (S,425,419,444) (S,568,444,610) (S,239,610,239) (S,330,239,330) (S,237,330,237) (S,493,237,527) (S,101,527,101) (S,41,101,41) (S,136,41,136) (S,567,136,608) (S,566,608,41) (S,636,41,667) (S,492,667,525) (S,570,525,613) (S,453,613,474) (S,754,474,791) (S,207,791,207) (S,208,207,208) (S,209,208,209) (S,210,209,210) (S,244,210,244) (S,245,244,245) (S,211,245,211) (S,212,211,212) (S,177,212,177) (S,202,177,202) (D,0,350,350) 
