9547
7
7885
7885
0 1  1 13 1322 15 (D,0,1,1) (S,21,1,1) (S,12,1,3) (S,22,3,2) (S,23,2,2) (S,9,2,5) (S,11,5,6) (S,24,6,4) (S,1,4,69) (S,66,69,59) (S,65,59,58) (S,56,58,58) (S,53,58,55) (S,19,55,52) (D,0,1,1) 
0 1  2 10 1196 12 (D,0,1,1) (S,67,1,4) (S,71,4,44) (S,44,44,44) (S,45,44,44) (S,57,44,11) (S,25,11,9) (S,4,9,12) (S,13,12,76) (S,26,76,11) (S,69,11,20) (D,0,1,1) 
0 1  3  8 1136 10 (D,0,1,1) (S,55,1,57) (S,54,57,42) (S,15,42,41) (S,42,41,35) (S,41,35,32) (S,39,32,32) (S,8,32,26) (S,20,26,21) (D,0,1,1) 
0 1  4 10 1379 12 (D,0,1,1) (S,43,1,43) (S,16,43,67) (S,18,67,60) (S,60,60,60) (S,58,60,58) (S,63,58,62) (S,61,62,62) (S,62,62,63) (S,48,63,47) (S,47,47,47) (D,0,1,1) 
0 1  5 15 1109 17 (D,0,1,1) (S,46,1,46) (S,49,46,49) (S,51,49,50) (S,52,50,52) (S,10,52,51) (S,70,51,21) (S,50,21,49) (S,34,49,19) (S,33,19,19) (S,32,19,18) (S,5,18,18) (S,31,18,15) (S,29,15,13) (S,14,13,13) (S,17,13,16) (D,0,1,1) 
0 1  6  9 1753 11 (D,0,1,1) (S,59,1,60) (S,64,60,66) (S,35,66,21) (S,6,21,24) (S,68,24,23) (S,36,23,22) (S,2,22,27) (S,37,27,23) (S,40,23,32) (D,0,1,1) 
0 1  7  6 1652  8 (D,0,1,1) (S,28,1,13) (S,27,13,12) (S,30,12,15) (S,7,15,73) (S,38,73,31) (S,3,31,36) (D,0,1,1) 
