738
8
705
705
0 1  1  7   78  9 (D,0,1,1) (S,3,1,5) (S,1,5,2) (S,30,2,5) (S,32,5,4) (S,25,4,6) (S,26,6,6) (S,42,6,7) (D,0,1,1) 
0 1  2  7   77  9 (D,0,1,1) (S,48,1,4) (S,2,4,3) (S,5,3,9) (S,24,9,4) (S,51,4,10) (S,28,10,2) (S,34,2,11) (D,0,1,1) 
0 1  3  6  103  8 (D,0,1,1) (S,47,1,9) (S,40,9,9) (S,45,9,22) (S,12,22,22) (S,21,22,24) (S,6,24,12) (D,0,1,1) 
0 1  4  6  110  8 (D,0,1,1) (S,14,1,5) (S,39,5,19) (S,41,19,21) (S,37,21,21) (S,50,21,24) (S,29,24,17) (D,0,1,1) 
0 1  5  6  101  8 (D,0,1,1) (S,27,1,20) (S,46,20,15) (S,9,15,15) (S,35,15,15) (S,38,15,1) (S,10,1,16) (D,0,1,1) 
0 1  6  7  105  9 (D,0,1,1) (S,16,1,20) (S,22,20,23) (S,43,23,5) (S,13,5,13) (S,7,13,13) (S,11,13,17) (S,36,17,16) (D,0,1,1) 
0 1  7  8   82 10 (D,0,1,1) (S,20,1,12) (S,31,12,17) (S,49,17,17) (S,44,17,13) (S,33,13,12) (S,17,12,16) (S,23,16,14) (S,8,14,14) (D,0,1,1) 
0 1  8  4   82  6 (D,0,1,1) (S,18,1,11) (S,19,11,8) (S,4,8,8) (S,15,8,18) (D,0,1,1) 
