3462
23
3180
3180
0 1  1 11  118 13 (D,0,1,1) (S,14,1,6) (S,48,6,12) (S,16,12,12) (S,148,12,7) (S,137,7,2) (S,50,2,8) (S,2,8,8) (S,147,8,7) (S,40,7,7) (S,39,7,3) (S,21,3,16) (D,0,1,1) 
0 1  2  9  127 11 (D,0,1,1) (S,47,1,7) (S,133,7,1) (S,141,1,5) (S,20,5,5) (S,45,5,11) (S,4,11,11) (S,13,11,19) (S,3,19,26) (S,19,26,30) (D,0,1,1) 
0 1  3 11  138 13 (D,0,1,1) (S,49,1,13) (S,157,13,12) (S,146,12,6) (S,135,6,1) (S,38,1,6) (S,37,6,5) (S,142,5,5) (S,59,5,19) (S,89,19,34) (S,118,34,47) (S,215,47,40) (D,0,1,1) 
0 1  4 13  149 15 (D,0,1,1) (S,145,1,6) (S,36,6,2) (S,144,2,6) (S,61,6,20) (S,24,20,20) (S,158,20,12) (S,63,12,21) (S,160,21,13) (S,60,13,13) (S,155,13,11) (S,75,11,26) (S,185,26,26) (S,25,26,43) (D,0,1,1) 
0 1  5 10  118 12 (D,0,1,1) (S,62,1,14) (S,18,14,14) (S,152,14,9) (S,7,9,9) (S,55,9,15) (S,26,15,23) (S,164,23,15) (S,83,15,31) (S,34,31,37) (S,30,37,42) (D,0,1,1) 
0 1  6 11  135 13 (D,0,1,1) (S,77,1,30) (S,108,30,40) (S,205,40,34) (S,117,34,41) (S,17,41,48) (S,217,48,41) (S,131,41,49) (S,10,49,49) (S,218,49,41) (S,120,41,48) (S,1,48,46) (D,0,1,1) 
0 1  7 11  129 13 (D,0,1,1) (S,76,1,21) (S,6,21,27) (S,98,27,34) (S,202,34,33) (S,5,33,33) (S,11,33,39) (S,201,39,33) (S,194,33,29) (S,184,29,26) (S,187,26,27) (S,90,27,30) (D,0,1,1) 
0 1  8 11  121 13 (D,0,1,1) (S,171,1,19) (S,88,19,30) (S,107,30,35) (S,32,35,35) (S,204,35,34) (S,195,34,30) (S,200,30,33) (S,105,33,40) (S,186,40,26) (S,172,26,19) (S,87,19,29) (D,0,1,1) 
0 1  9 10  156 12 (D,0,1,1) (S,51,1,13) (S,150,13,8) (S,149,8,8) (S,139,8,3) (S,12,3,3) (S,56,3,16) (S,163,16,15) (S,82,15,24) (S,15,24,24) (S,123,24,44) (D,0,1,1) 
0 1 10 11  137 13 (D,0,1,1) (S,44,1,6) (S,65,6,22) (S,27,22,22) (S,177,22,22) (S,80,22,23) (S,67,23,23) (S,66,23,16) (S,161,16,14) (S,64,14,15) (S,159,15,13) (S,79,13,27) (D,0,1,1) 
0 1 11  9  162 11 (D,0,1,1) (S,46,1,18) (S,22,18,18) (S,74,18,20) (S,168,20,18) (S,156,18,11) (S,169,11,18) (S,71,18,19) (S,143,19,5) (S,9,5,44) (D,0,1,1) 
0 1 12  9  154 11 (D,0,1,1) (S,134,1,1) (S,58,1,12) (S,78,12,22) (S,162,22,14) (S,54,14,10) (S,8,10,10) (S,138,10,3) (S,42,3,9) (S,52,9,9) (D,0,1,1) 
0 1 13 10  165 12 (D,0,1,1) (S,173,1,20) (S,73,20,29) (S,174,29,20) (S,72,20,26) (S,97,26,39) (S,106,39,46) (S,130,46,48) (S,121,48,49) (S,119,49,42) (S,220,42,42) (D,0,1,1) 
0 1 14 10  144 12 (D,0,1,1) (S,53,1,14) (S,153,14,9) (S,69,9,24) (S,86,24,28) (S,29,28,28) (S,31,28,32) (S,191,32,28) (S,102,28,38) (S,125,38,50) (S,221,50,43) (D,0,1,1) 
0 1 15  8  149 10 (D,0,1,1) (S,68,1,17) (S,35,17,17) (S,181,17,24) (S,167,24,17) (S,70,17,25) (S,85,25,32) (S,95,32,38) (S,33,38,38) (D,0,1,1) 
0 1 16 11  165 13 (D,0,1,1) (S,96,1,33) (S,104,33,39) (S,103,39,34) (S,110,34,41) (S,227,41,47) (S,226,47,46) (S,129,46,47) (S,203,47,33) (S,214,33,40) (S,207,40,35) (S,23,35,36) (D,0,1,1) 
0 1 17 10  158 12 (D,0,1,1) (S,170,1,18) (S,109,18,36) (S,122,36,43) (S,128,43,50) (S,225,50,45) (S,124,45,45) (S,219,45,42) (S,127,42,50) (S,213,50,38) (S,211,38,37) (D,0,1,1) 
0 1 18 10  158 12 (D,0,1,1) (S,81,1,31) (S,28,31,31) (S,114,31,43) (S,113,43,38) (S,212,38,38) (S,115,38,43) (S,208,43,36) (S,216,36,41) (S,132,41,50) (S,222,50,43) (D,0,1,1) 
0 1 19 10  148 12 (D,0,1,1) (S,175,1,21) (S,93,21,36) (S,209,36,36) (S,198,36,32) (S,94,32,32) (S,183,32,25) (S,84,25,25) (S,179,25,23) (S,100,23,37) (S,197,37,31) (D,0,1,1) 
0 1 20 11  174 13 (D,0,1,1) (S,99,1,32) (S,101,32,37) (S,112,37,42) (S,126,42,49) (S,228,49,48) (S,223,48,44) (S,111,44,37) (S,206,37,35) (S,190,35,27) (S,176,27,21) (S,166,21,16) (D,0,1,1) 
0 1 21  8  182 10 (D,0,1,1) (S,188,1,27) (S,189,27,27) (S,92,27,35) (S,193,35,29) (S,91,29,31) (S,196,31,31) (S,182,31,24) (S,178,24,22) (D,0,1,1) 
0 1 22  8  177 10 (D,0,1,1) (S,180,1,23) (S,41,23,4) (S,43,4,10) (S,140,10,4) (S,151,4,9) (S,136,9,2) (S,57,2,17) (S,165,17,16) (D,0,1,1) 
0 1 23  7  198  9 (D,0,1,1) (S,154,1,10) (S,116,10,45) (S,229,45,49) (S,224,49,44) (S,210,44,37) (S,199,37,32) (S,192,32,28) (D,0,1,1) 
