16411
7
715
715
0 1  1  5 2371  7 (D,0,1,1) (S,1,1,2) (S,21,2,2) (S,22,2,12) (S,7,12,15) (S,10,15,19) (D,0,1,1) 
0 1  2 10 2539 12 (D,0,1,1) (S,13,1,6) (S,6,6,11) (S,29,11,7) (S,12,7,1) (S,20,1,2) (S,15,2,8) (S,4,8,8) (S,25,8,8) (S,24,8,13) (S,32,13,14) (D,0,1,1) 
0 1  3  9 2436 11 (D,0,1,1) (S,28,1,12) (S,38,12,19) (S,44,19,15) (S,46,15,20) (S,8,20,16) (S,33,16,16) (S,31,16,12) (S,37,12,16) (S,40,16,17) (D,0,1,1) 
0 1  4  6 2137  8 (D,0,1,1) (S,14,1,4) (S,2,4,4) (S,3,4,5) (S,18,5,4) (S,19,4,10) (S,5,10,10) (D,0,1,1) 
0 1  5  8 2575 10 (D,0,1,1) (S,17,1,5) (S,16,5,3) (S,23,3,7) (S,30,7,11) (S,43,11,19) (S,36,19,12) (S,45,12,18) (S,26,18,5) (D,0,1,1) 
0 1  6  6 2429  8 (D,0,1,1) (S,42,1,11) (S,39,11,15) (S,47,15,19) (S,11,19,21) (S,9,21,17) (S,34,17,10) (D,0,1,1) 
0 1  7  4 1924  6 (D,0,1,1) (S,27,1,9) (S,35,9,13) (S,41,13,14) (S,48,14,20) (D,0,1,1) 
