228
6
973
973
0 1  1  6   50  8 (D,0,1,1) (S,1,1,2) (S,2,2,3) (S,14,3,9) (S,21,9,9) (S,23,9,11) (S,5,11,7) (D,0,1,1) 
0 1  2  7   39  9 (D,0,1,1) (S,25,1,6) (S,13,6,10) (S,7,10,10) (S,6,10,8) (S,12,8,10) (S,18,10,7) (S,20,7,9) (D,0,1,1) 
0 1  3  5   38  7 (D,0,1,1) (S,27,1,2) (S,16,2,5) (S,4,5,5) (S,24,5,8) (S,10,8,5) (D,0,1,1) 
0 1  4  4   36  6 (D,0,1,1) (S,17,1,11) (S,26,11,6) (S,8,6,4) (S,28,4,11) (D,0,1,1) 
0 1  5  4   43  6 (D,0,1,1) (S,3,1,4) (S,11,4,9) (S,22,9,7) (S,9,7,7) (D,0,1,1) 
0 1  6  2   22  4 (D,0,1,1) (S,15,1,9) (S,19,9,10) (D,0,1,1) 
