1170
9
1252
1252
0 1  1  5   92  7 (D,0,1,1) (S,5,1,6) (S,72,6,1) (S,51,1,7) (S,6,7,7) (S,10,7,13) (D,0,1,1) 
0 1  2 10  129 12 (D,0,1,1) (S,9,1,12) (S,67,12,7) (S,41,7,19) (S,16,19,19) (S,36,19,13) (S,11,13,14) (S,12,14,15) (S,30,15,15) (S,45,15,9) (S,7,9,10) (D,0,1,1) 
0 1  3  8  130 10 (D,0,1,1) (S,1,1,2) (S,34,2,14) (S,55,14,21) (S,18,21,21) (S,64,21,20) (S,17,20,20) (S,63,20,14) (S,32,14,23) (D,0,1,1) 
0 1  4 10  170 12 (D,0,1,1) (S,15,1,18) (S,25,18,29) (S,26,29,30) (S,70,30,18) (S,52,18,20) (S,22,20,26) (S,53,26,19) (S,21,19,25) (S,50,25,32) (S,27,32,32) (D,0,1,1) 
0 1  5  9  139 11 (D,0,1,1) (S,35,1,22) (S,19,22,23) (S,46,23,28) (S,24,28,28) (S,61,28,28) (S,42,28,24) (S,20,24,24) (S,62,24,34) (S,37,34,34) (D,0,1,1) 
0 1  6 11  161 13 (D,0,1,1) (S,31,1,26) (S,23,26,27) (S,28,27,31) (S,47,31,27) (S,48,27,32) (S,69,32,32) (S,71,32,27) (S,49,27,15) (S,29,15,22) (S,59,22,22) (S,56,22,15) (D,0,1,1) 
0 1  7  8  134 10 (D,0,1,1) (S,38,1,10) (S,2,10,3) (S,66,3,10) (S,13,10,16) (S,43,16,3) (S,3,3,4) (S,44,4,3) (S,58,3,23) (D,0,1,1) 
0 1  8 10  162 12 (D,0,1,1) (S,33,1,31) (S,57,31,11) (S,8,11,11) (S,4,11,5) (S,65,5,11) (S,54,11,5) (S,68,5,24) (S,14,24,17) (S,39,17,17) (S,60,17,10) (D,0,1,1) 
0 1  9  1   53  3 (D,0,1,1) (S,40,1,9) (D,0,1,1) 
