577
9
799
799
0 1  1  4   61  6 (D,0,1,1) (S,11,1,19) (S,36,19,3) (S,1,3,3) (S,4,3,6) (D,0,1,1) 
0 1  2  7   73  9 (D,0,1,1) (S,26,1,12) (S,38,12,1) (S,22,1,13) (S,7,13,14) (S,12,14,21) (S,39,21,26) (S,19,26,14) (D,0,1,1) 
0 1  3  3   47  5 (D,0,1,1) (S,9,1,17) (S,8,17,15) (S,24,15,15) (D,0,1,1) 
0 1  4  5   64  7 (D,0,1,1) (S,15,1,24) (S,14,24,23) (S,13,23,22) (S,31,22,24) (S,28,24,22) (D,0,1,1) 
0 1  5  6   63  8 (D,0,1,1) (S,41,1,6) (S,3,6,5) (S,40,5,7) (S,30,7,6) (S,6,6,10) (S,2,10,4) (D,0,1,1) 
0 1  6  6   83  8 (D,0,1,1) (S,29,1,4) (S,34,4,10) (S,32,10,6) (S,27,6,11) (S,18,11,20) (S,33,20,17) (D,0,1,1) 
0 1  7  4   63  6 (D,0,1,1) (S,16,1,27) (S,20,27,27) (S,23,27,23) (S,10,23,18) (D,0,1,1) 
0 1  8  4   83  6 (D,0,1,1) (S,25,1,20) (S,35,20,21) (S,37,21,21) (S,5,21,8) (D,0,1,1) 
0 1  9  2   40  4 (D,0,1,1) (S,21,1,18) (S,17,18,23) (D,0,1,1) 
