1272
8
1753
1753
0 1  1 13  113 15 (D,0,1,1) (S,1,1,2) (S,2,2,3) (S,83,3,2) (S,36,2,9) (S,7,9,9) (S,6,9,8) (S,45,8,7) (S,5,7,7) (S,38,7,9) (S,70,9,8) (S,39,8,10) (S,8,10,10) (S,11,10,15) (D,0,1,1) 
0 1  2 11  120 13 (D,0,1,1) (S,48,1,7) (S,46,7,15) (S,66,15,10) (S,43,10,16) (S,12,16,16) (S,15,16,19) (S,52,19,19) (S,47,19,15) (S,82,15,24) (S,18,24,24) (S,19,24,25) (D,0,1,1) 
0 1  3 10  140 12 (D,0,1,1) (S,56,1,13) (S,10,13,13) (S,17,13,23) (S,69,23,14) (S,35,14,15) (S,81,15,26) (S,20,26,26) (S,73,26,26) (S,25,26,32) (S,13,32,17) (D,0,1,1) 
0 1  4 12  174 14 (D,0,1,1) (S,3,1,4) (S,34,4,6) (S,4,6,6) (S,57,6,6) (S,68,6,11) (S,9,11,11) (S,54,11,20) (S,16,20,20) (S,63,20,12) (S,37,12,16) (S,40,16,5) (S,55,5,34) (D,0,1,1) 
0 1  5  9  181 11 (D,0,1,1) (S,65,1,3) (S,42,3,21) (S,71,21,28) (S,64,28,22) (S,33,22,22) (S,61,22,27) (S,21,27,27) (S,31,27,40) (S,30,40,39) (D,0,1,1) 
0 1  6  8  165 10 (D,0,1,1) (S,44,1,7) (S,78,7,14) (S,22,14,29) (S,23,29,30) (S,77,30,34) (S,62,34,39) (S,76,39,41) (S,32,41,41) (D,0,1,1) 
0 1  7  9  153 11 (D,0,1,1) (S,14,1,18) (S,74,18,26) (S,60,26,36) (S,27,36,36) (S,41,36,40) (S,75,40,40) (S,51,40,35) (S,26,35,34) (S,79,34,35) (D,0,1,1) 
0 1  8 11  226 13 (D,0,1,1) (S,50,1,19) (S,49,19,27) (S,80,27,32) (S,58,32,40) (S,28,40,37) (S,53,37,33) (S,24,33,31) (S,72,31,36) (S,67,36,36) (S,29,36,38) (S,59,38,34) (D,0,1,1) 
