474
7
884
884
0 1  1  3   63  5 (D,0,1,1) (S,21,1,7) (S,6,7,7) (S,20,7,8) (D,0,1,1) 
0 1  2  3   64  5 (D,0,1,1) (S,9,1,9) (S,7,9,9) (S,4,9,5) (D,0,1,1) 
0 1  3  5   81  7 (D,0,1,1) (S,10,1,8) (S,1,8,2) (S,3,2,4) (S,8,4,7) (S,2,7,3) (D,0,1,1) 
0 1  4  3   61  5 (D,0,1,1) (S,18,1,5) (S,19,5,1) (S,13,1,6) (D,0,1,1) 
0 1  5  5   75  7 (D,0,1,1) (S,22,1,7) (S,5,7,6) (S,17,6,6) (S,24,6,1) (S,14,1,5) (D,0,1,1) 
0 1  6  4   93  6 (D,0,1,1) (S,16,1,3) (S,11,3,7) (S,15,7,1) (S,12,1,9) (D,0,1,1) 
0 1  7  1   37  3 (D,0,1,1) (S,23,1,10) (D,0,1,1) 
