1295
9
1619
1619
0 1  1 17  101 19 (D,0,1,1) (S,1,1,2) (S,47,2,4) (S,2,4,4) (S,29,4,6) (S,88,6,12) (S,5,12,12) (S,93,12,11) (S,4,11,11) (S,9,11,17) (S,11,17,20) (S,83,20,17) (S,44,17,5) (S,53,5,10) (S,3,10,10) (S,89,10,2) (S,27,2,9) (S,40,9,8) (D,0,1,1) 
0 1  2  7  115  9 (D,0,1,1) (S,52,1,8) (S,45,8,7) (S,60,7,2) (S,23,2,14) (S,6,14,14) (S,7,14,15) (S,8,15,16) (D,0,1,1) 
0 1  3 10  131 12 (D,0,1,1) (S,73,1,2) (S,34,2,10) (S,74,10,15) (S,35,15,11) (S,28,11,18) (S,94,18,28) (S,84,28,22) (S,30,22,22) (S,58,22,27) (S,16,27,27) (D,0,1,1) 
0 1  4 12  177 14 (D,0,1,1) (S,38,1,1) (S,55,1,7) (S,36,7,9) (S,61,9,24) (S,13,24,24) (S,12,24,23) (S,91,23,14) (S,24,14,25) (S,14,25,25) (S,15,25,26) (S,75,26,26) (S,21,26,39) (D,0,1,1) 
0 1  5 13  192 15 (D,0,1,1) (S,31,1,5) (S,33,5,17) (S,25,17,21) (S,10,21,19) (S,50,19,20) (S,32,20,16) (S,85,16,21) (S,64,21,20) (S,54,20,22) (S,90,22,36) (S,22,36,40) (S,41,40,40) (S,92,40,36) (D,0,1,1) 
0 1  6  9  133 11 (D,0,1,1) (S,62,1,29) (S,17,29,29) (S,18,29,30) (S,43,30,29) (S,49,29,23) (S,48,23,14) (S,66,14,13) (S,86,13,7) (S,80,7,23) (D,0,1,1) 
0 1  7 12  167 14 (D,0,1,1) (S,56,1,14) (S,69,14,34) (S,19,34,34) (S,20,34,35) (S,87,35,38) (S,59,38,34) (S,76,34,36) (S,63,36,41) (S,46,41,40) (S,82,40,35) (S,67,35,29) (S,81,29,35) (D,0,1,1) 
0 1  8 13  219 15 (D,0,1,1) (S,72,1,32) (S,37,32,26) (S,77,26,19) (S,39,19,27) (S,65,27,37) (S,51,37,33) (S,42,33,35) (S,78,35,32) (S,26,32,40) (S,71,40,37) (S,68,37,41) (S,57,41,36) (S,79,36,39) (D,0,1,1) 
0 1  9  1   60  3 (D,0,1,1) (S,70,1,32) (D,0,1,1) 
