882
8
587
587
0 1  1  7   88  9 (D,0,1,1) (S,18,1,4) (S,1,4,3) (S,17,3,5) (S,26,5,11) (S,4,11,11) (S,6,11,15) (S,32,15,24) (D,0,1,1) 
0 1  2  6   91  8 (D,0,1,1) (S,21,1,2) (S,43,2,3) (S,45,3,3) (S,42,3,19) (S,11,19,22) (S,9,22,19) (D,0,1,1) 
0 1  3  6  100  8 (D,0,1,1) (S,24,1,9) (S,29,9,1) (S,15,1,10) (S,10,10,20) (S,27,20,24) (S,12,24,24) (D,0,1,1) 
0 1  4  5   96  7 (D,0,1,1) (S,19,1,10) (S,35,10,10) (S,40,10,20) (S,34,20,22) (S,46,22,20) (D,0,1,1) 
0 1  5  9  126 11 (D,0,1,1) (S,41,1,11) (S,33,11,16) (S,7,16,17) (S,39,17,13) (S,23,13,17) (S,37,17,15) (S,36,15,15) (S,48,15,5) (S,8,5,18) (D,0,1,1) 
0 1  6  5  111  7 (D,0,1,1) (S,28,1,9) (S,13,9,21) (S,20,21,15) (S,25,15,12) (S,5,12,12) (D,0,1,1) 
0 1  7  8  162 10 (D,0,1,1) (S,16,1,17) (S,47,17,11) (S,44,11,21) (S,14,21,13) (S,31,13,18) (S,38,18,13) (S,30,13,7) (S,3,7,7) (D,0,1,1) 
0 1  8  2  108  4 (D,0,1,1) (S,22,1,14) (S,2,14,6) (D,0,1,1) 
