311
7
870
870
0 1  1  6   31  8 (D,0,1,1) (S,1,1,3) (S,19,3,2) (S,2,2,4) (S,38,4,2) (S,37,2,4) (S,3,4,5) (D,0,1,1) 
0 1  2  7   41  9 (D,0,1,1) (S,17,1,4) (S,36,4,6) (S,27,6,12) (S,9,12,12) (S,35,12,14) (S,12,14,18) (S,26,18,18) (D,0,1,1) 
0 1  3  7   44  9 (D,0,1,1) (S,22,1,10) (S,7,10,10) (S,6,10,9) (S,25,9,3) (S,23,3,11) (S,34,11,6) (S,28,6,12) (D,0,1,1) 
0 1  4  4   46  6 (D,0,1,1) (S,14,1,7) (S,4,7,7) (S,5,7,8) (S,30,8,23) (D,0,1,1) 
0 1  5  6   48  8 (D,0,1,1) (S,18,1,10) (S,31,10,24) (S,33,24,20) (S,32,20,20) (S,21,20,24) (S,11,24,16) (D,0,1,1) 
0 1  6  4   45  6 (D,0,1,1) (S,8,1,11) (S,10,11,15) (S,15,15,17) (S,16,17,17) (D,0,1,1) 
0 1  7  4   56  6 (D,0,1,1) (S,29,1,20) (S,13,20,22) (S,24,22,19) (S,20,19,18) (D,0,1,1) 
