782
8
850
850
0 1  1  6   85  8 (D,0,1,1) (S,18,1,2) (S,1,2,2) (S,3,2,4) (S,2,4,3) (S,16,3,4) (S,30,4,21) (D,0,1,1) 
0 1  2  6   78  8 (D,0,1,1) (S,37,1,3) (S,7,3,9) (S,40,9,3) (S,20,3,10) (S,24,10,20) (S,12,20,21) (D,0,1,1) 
0 1  3  6   98  8 (D,0,1,1) (S,4,1,5) (S,33,5,11) (S,36,11,16) (S,39,16,13) (S,42,13,17) (S,9,17,16) (D,0,1,1) 
0 1  4  7  110  9 (D,0,1,1) (S,43,1,11) (S,21,11,15) (S,26,15,15) (S,27,15,5) (S,32,5,10) (S,11,10,20) (S,38,20,21) (D,0,1,1) 
0 1  5  3  112  5 (D,0,1,1) (S,10,1,19) (S,13,19,22) (S,41,22,15) (D,0,1,1) 
0 1  6  4   91  6 (D,0,1,1) (S,19,1,21) (S,29,21,23) (S,14,23,23) (S,25,23,22) (D,0,1,1) 
0 1  7  8  101 10 (D,0,1,1) (S,15,1,18) (S,34,18,14) (S,8,14,14) (S,31,14,18) (S,28,18,7) (S,6,7,7) (S,17,7,14) (S,35,14,11) (D,0,1,1) 
0 1  8  3  107  5 (D,0,1,1) (S,23,1,6) (S,5,6,6) (S,22,6,13) (D,0,1,1) 
