1198
9
1774
1774
0 1  1 11  116 13 (D,0,1,1) (S,2,1,6) (S,63,6,1) (S,69,1,18) (S,57,18,12) (S,7,12,13) (S,47,13,18) (S,23,18,19) (S,10,19,19) (S,38,19,13) (S,72,13,20) (S,50,20,6) (D,0,1,1) 
0 1  2  9  113 11 (D,0,1,1) (S,40,1,12) (S,68,12,7) (S,3,7,7) (S,33,7,14) (S,8,14,15) (S,34,15,15) (S,4,15,8) (S,78,8,9) (S,5,9,10) (D,0,1,1) 
0 1  3 11  145 13 (D,0,1,1) (S,53,1,1) (S,49,1,7) (S,36,7,2) (S,52,2,9) (S,70,9,11) (S,6,11,11) (S,60,11,4) (S,1,4,4) (S,65,4,4) (S,45,4,2) (S,11,2,20) (D,0,1,1) 
0 1  4 10  132 12 (D,0,1,1) (S,54,1,8) (S,66,8,26) (S,16,26,26) (S,80,26,20) (S,76,20,14) (S,12,14,21) (S,59,21,20) (S,37,20,27) (S,17,27,27) (S,21,27,32) (D,0,1,1) 
0 1  5  9  143 11 (D,0,1,1) (S,26,1,13) (S,73,13,18) (S,75,18,29) (S,19,29,29) (S,79,29,25) (S,43,25,30) (S,24,30,30) (S,74,30,29) (S,20,29,31) (D,0,1,1) 
0 1  6  9  133 11 (D,0,1,1) (S,28,1,25) (S,35,25,31) (S,64,31,33) (S,22,33,33) (S,42,33,28) (S,18,28,28) (S,56,28,24) (S,15,24,24) (S,48,24,11) (D,0,1,1) 
0 1  7 10  183 12 (D,0,1,1) (S,25,1,26) (S,58,26,31) (S,31,31,34) (S,71,34,27) (S,32,27,22) (S,13,22,22) (S,14,22,23) (S,41,23,34) (S,46,34,24) (S,61,24,17) (D,0,1,1) 
0 1  8  9  168 11 (D,0,1,1) (S,77,1,15) (S,27,15,10) (S,62,10,10) (S,9,10,16) (S,30,16,9) (S,55,9,23) (S,51,23,15) (S,39,15,11) (S,44,11,11) (D,0,1,1) 
0 1  9  2   65  4 (D,0,1,1) (S,29,1,10) (S,67,10,10) (D,0,1,1) 
