17700
8
836
836
0 1  1 10 2348 12 (D,0,21,21) (S,31,21,17) (S,20,17,16) (S,19,16,15) (S,28,15,21) (S,30,21,22) (S,40,22,31) (S,44,31,28) (S,42,28,23) (S,32,23,22) (S,8,22,13) (D,0,21,21) 
0 1  2  7 2308  9 (D,0,21,21) (S,29,21,17) (S,18,17,8) (S,9,8,7) (S,16,7,15) (S,17,15,24) (S,1,24,24) (S,7,24,6) (D,0,21,21) 
0 1  3  6 2232  8 (D,0,21,21) (S,22,21,22) (S,39,22,26) (S,37,26,25) (S,34,25,20) (S,21,20,18) (S,27,18,30) (D,0,21,21) 
0 1  4  9 2618 11 (D,0,21,21) (S,38,21,34) (S,50,34,36) (S,51,36,31) (S,41,31,29) (S,43,29,27) (S,36,27,33) (S,46,33,32) (S,35,32,21) (S,12,21,9) (D,0,21,21) 
0 1  5  8 2724 10 (D,0,21,21) (S,25,21,23) (S,24,23,19) (S,14,19,10) (S,3,10,5) (S,4,5,11) (S,11,11,4) (S,10,4,8) (S,5,8,1) (D,0,21,21) 
0 1  6  5 2547  7 (D,0,21,21) (S,23,21,10) (S,13,10,18) (S,26,18,10) (S,2,10,3) (S,6,3,12) (D,0,21,21) 
0 1  7  7 2424  9 (D,0,21,21) (S,48,21,35) (S,52,35,37) (S,53,37,30) (S,47,30,33) (S,45,33,24) (S,33,24,25) (S,15,25,13) (D,0,21,21) 
0 1  8  1  499  3 (D,0,21,21) (S,49,21,27) (D,0,21,21) 
