2359
7
3992
3992
0 1  1 29  293 31 (D,0,1,1) (S,18,1,2) (S,10,2,6) (S,106,6,2) (S,48,2,7) (S,5,7,7) (S,50,7,13) (S,13,13,13) (S,114,13,6) (S,49,6,12) (S,26,12,12) (S,98,12,1) (S,40,1,6) (S,41,6,36) (S,107,36,2) (S,97,2,1) (S,39,1,3) (S,22,3,3) (S,109,3,3) (S,30,3,4) (S,108,4,3) (S,45,3,5) (S,2,5,5) (S,47,5,39) (S,29,39,39) (S,111,39,4) (S,43,4,7) (S,116,7,7) (S,63,7,19) (S,19,19,19) (D,0,1,1) 
0 1  2 27  301 29 (D,0,1,1) (S,31,1,2) (S,33,2,8) (S,21,8,8) (S,99,8,1) (S,32,1,6) (S,115,6,6) (S,60,6,17) (S,17,17,17) (S,127,17,13) (S,9,13,18) (S,128,18,13) (S,69,13,22) (S,1,22,22) (S,12,22,25) (S,140,25,22) (S,142,22,24) (S,76,24,25) (S,74,25,25) (S,138,25,21) (S,4,21,21) (S,135,21,18) (S,62,18,18) (S,61,18,17) (S,125,17,12) (S,67,12,20) (S,28,20,20) (S,72,20,22) (D,0,1,1) 
0 1  3 21  345 23 (D,0,1,1) (S,35,1,11) (S,14,11,11) (S,38,11,40) (S,104,40,1) (S,58,1,16) (S,131,16,15) (S,11,15,15) (S,117,15,8) (S,37,8,35) (S,24,35,35) (S,103,35,1) (S,57,1,12) (S,66,12,18) (S,134,18,18) (S,129,18,13) (S,68,13,19) (S,132,19,17) (S,126,17,12) (S,36,12,33) (S,3,33,28) (S,27,28,29) (D,0,1,1) 
0 1  4 21  344 23 (D,0,1,1) (S,101,1,1) (S,51,1,9) (S,55,9,15) (S,54,15,10) (S,6,10,10) (S,120,10,9) (S,121,9,9) (S,65,9,16) (S,124,16,11) (S,34,11,10) (S,122,10,10) (S,130,10,14) (S,7,14,14) (S,64,14,15) (S,118,15,8) (S,53,8,40) (S,52,40,14) (S,56,14,16) (S,100,16,1) (S,119,1,8) (S,93,8,36) (D,0,1,1) 
0 1  5 26  350 28 (D,0,1,1) (S,158,1,34) (S,16,34,34) (S,157,34,33) (S,23,33,33) (S,92,33,35) (S,94,35,37) (S,25,37,37) (S,112,37,4) (S,42,4,4) (S,44,4,37) (S,96,37,39) (S,113,39,5) (S,162,5,38) (S,161,38,37) (S,155,37,31) (S,151,31,30) (S,8,30,30) (S,95,30,38) (S,160,38,36) (S,154,36,31) (S,86,31,37) (S,152,37,30) (S,110,30,3) (S,46,3,38) (S,89,38,38) (S,20,38,32) (D,0,1,1) 
0 1  6 18  356 20 (D,0,1,1) (S,148,1,28) (S,146,28,27) (S,15,27,27) (S,147,27,27) (S,145,27,26) (S,81,26,34) (S,91,34,34) (S,144,34,26) (S,80,26,28) (S,143,28,26) (S,77,26,27) (S,82,27,35) (S,159,35,35) (S,150,35,29) (S,85,29,31) (S,149,31,29) (S,83,29,30) (S,70,30,21) (D,0,1,1) 
0 1  7 20  370 22 (D,0,1,1) (S,102,1,1) (S,59,1,13) (S,105,13,2) (S,123,2,11) (S,84,11,36) (S,88,36,37) (S,87,37,32) (S,156,32,32) (S,90,32,39) (S,153,39,31) (S,71,31,23) (S,141,23,23) (S,139,23,21) (S,136,21,20) (S,73,20,24) (S,75,24,24) (S,137,24,20) (S,133,20,17) (S,79,17,34) (S,78,34,33) (D,0,1,1) 
