226
6
494
494
0 1  1  2   34  4 (D,0,1,1) (S,1,1,2) (S,5,2,8) (D,0,1,1) 
0 1  2  5   38  7 (D,0,1,1) (S,20,1,5) (S,9,5,7) (S,4,7,7) (S,14,7,10) (S,16,10,5) (D,0,1,1) 
0 1  3  6   37  8 (D,0,1,1) (S,12,1,2) (S,24,2,6) (S,3,6,6) (S,7,6,11) (S,17,11,7) (S,8,7,3) (D,0,1,1) 
0 1  4  5   40  7 (D,0,1,1) (S,11,1,9) (S,6,9,9) (S,22,9,7) (S,18,7,10) (S,15,10,10) (D,0,1,1) 
0 1  5  4   47  6 (D,0,1,1) (S,13,1,5) (S,19,5,11) (S,23,11,10) (S,10,10,9) (D,0,1,1) 
0 1  6  2   30  4 (D,0,1,1) (S,2,1,4) (S,21,4,9) (D,0,1,1) 
