296
7
579
579
0 1  1  6   37  8 (D,0,1,1) (S,2,1,3) (S,22,3,2) (S,1,2,2) (S,3,2,4) (S,26,4,2) (S,4,2,5) (D,0,1,1) 
0 1  2  6   46  8 (D,0,1,1) (S,19,1,4) (S,18,4,10) (S,7,10,10) (S,27,10,23) (S,16,23,23) (S,12,23,16) (D,0,1,1) 
0 1  3  5   40  7 (D,0,1,1) (S,24,1,20) (S,15,20,23) (S,14,23,21) (S,35,21,12) (S,9,12,12) (D,0,1,1) 
0 1  4  7   48  9 (D,0,1,1) (S,25,1,12) (S,10,12,13) (S,33,13,6) (S,30,6,11) (S,8,11,11) (S,34,11,12) (S,28,12,14) (D,0,1,1) 
0 1  5  5   45  7 (D,0,1,1) (S,21,1,7) (S,5,7,7) (S,31,7,7) (S,23,7,14) (S,32,14,17) (D,0,1,1) 
0 1  6  5   48  7 (D,0,1,1) (S,6,1,9) (S,29,9,20) (S,36,20,19) (S,17,19,19) (S,11,19,15) (D,0,1,1) 
0 1  7  2   32  4 (D,0,1,1) (S,20,1,18) (S,13,18,17) (D,0,1,1) 
