539
9
470
470
0 1  1  9   58 11 (D,0,1,1) (S,3,1,8) (S,38,8,5) (S,1,5,5) (S,10,5,1) (S,48,1,9) (S,2,9,9) (S,34,9,4) (S,14,4,9) (S,4,9,6) (D,0,1,1) 
0 1  2  6   57  8 (D,0,1,1) (S,42,1,6) (S,50,6,11) (S,5,11,11) (S,32,11,7) (S,26,7,3) (S,8,3,1) (D,0,1,1) 
0 1  3  7   76  9 (D,0,1,1) (S,33,1,4) (S,9,4,1) (S,21,1,2) (S,45,2,9) (S,31,9,6) (S,43,6,9) (S,35,9,10) (D,0,1,1) 
0 1  4  5   57  7 (D,0,1,1) (S,47,1,11) (S,30,11,5) (S,13,5,8) (S,37,8,7) (S,24,7,4) (D,0,1,1) 
0 1  5  6   69  8 (D,0,1,1) (S,41,1,7) (S,27,7,9) (S,12,9,7) (S,17,7,2) (S,20,2,7) (S,29,7,11) (D,0,1,1) 
0 1  6  4   55  6 (D,0,1,1) (S,11,1,6) (S,40,6,5) (S,16,5,11) (S,36,11,4) (D,0,1,1) 
0 1  7  4   38  6 (D,0,1,1) (S,25,1,3) (S,15,3,10) (S,6,10,10) (S,28,10,3) (D,0,1,1) 
0 1  8  6   78  8 (D,0,1,1) (S,19,1,2) (S,18,2,4) (S,39,4,10) (S,46,10,7) (S,23,7,2) (S,44,2,6) (D,0,1,1) 
0 1  9  3   51  5 (D,0,1,1) (S,22,1,9) (S,7,9,1) (S,49,1,9) (D,0,1,1) 
