296
7
567
567
0 1  1  6   36  8 (D,0,1,1) (S,2,1,3) (S,14,3,2) (S,1,2,2) (S,26,2,5) (S,4,5,6) (S,6,6,12) (D,0,1,1) 
0 1  2  5   29  7 (D,0,1,1) (S,41,1,2) (S,3,2,5) (S,23,5,10) (S,5,10,10) (S,27,10,3) (D,0,1,1) 
0 1  3 10   50 12 (D,0,1,1) (S,21,1,11) (S,38,11,16) (S,8,16,16) (S,31,16,15) (S,36,15,12) (S,7,12,13) (S,28,13,6) (S,33,6,13) (S,25,13,12) (S,30,12,18) (D,0,1,1) 
0 1  4  5   44  7 (D,0,1,1) (S,17,1,7) (S,29,7,7) (S,34,7,8) (S,22,8,14) (S,32,14,17) (D,0,1,1) 
0 1  5  6   39  8 (D,0,1,1) (S,15,1,19) (S,39,19,20) (S,9,20,20) (S,35,20,24) (S,10,24,21) (S,16,21,24) (D,0,1,1) 
0 1  6  5   51  7 (D,0,1,1) (S,19,1,10) (S,24,10,20) (S,37,20,19) (S,20,19,23) (S,18,23,21) (D,0,1,1) 
0 1  7  4   47  6 (D,0,1,1) (S,12,1,15) (S,40,15,14) (S,13,14,18) (S,11,18,17) (D,0,1,1) 
