287
7
1088
1088
0 1  1  5   24  7 (D,0,1,1) (S,17,1,3) (S,1,3,3) (S,25,3,2) (S,37,2,4) (S,2,4,4) (D,0,1,1) 
0 1  2  6   38  8 (D,0,1,1) (S,3,1,5) (S,22,5,20) (S,14,20,20) (S,31,20,24) (S,15,24,21) (S,10,21,15) (D,0,1,1) 
0 1  3  6   34  8 (D,0,1,1) (S,33,1,6) (S,4,6,6) (S,32,6,12) (S,8,12,12) (S,9,12,13) (S,28,13,12) (D,0,1,1) 
0 1  4  5   43  7 (D,0,1,1) (S,19,1,11) (S,26,11,6) (S,36,6,14) (S,6,14,8) (S,34,8,7) (D,0,1,1) 
0 1  5  6   39  8 (D,0,1,1) (S,20,1,11) (S,29,11,12) (S,18,12,15) (S,11,15,16) (S,27,16,15) (S,21,15,24) (D,0,1,1) 
0 1  6  6   60  8 (D,0,1,1) (S,7,1,9) (S,13,9,19) (S,38,19,20) (S,16,20,22) (S,23,22,21) (S,30,21,18) (D,0,1,1) 
0 1  7  4   49  6 (D,0,1,1) (S,5,1,7) (S,24,7,18) (S,12,18,18) (S,35,18,19) (D,0,1,1) 
