757
7
637
637
0 1  1  7   67  9 (D,0,1,1) (S,21,1,2) (S,1,2,2) (S,20,2,5) (S,26,5,11) (S,19,11,15) (S,8,15,15) (S,36,15,15) (D,0,1,1) 
0 1  2  6   83  8 (D,0,1,1) (S,24,1,3) (S,2,3,3) (S,18,3,4) (S,27,4,3) (S,37,3,19) (S,12,19,19) (D,0,1,1) 
0 1  3  3   77  5 (D,0,1,1) (S,22,1,10) (S,5,10,10) (S,13,10,20) (D,0,1,1) 
0 1  4  6  118  8 (D,0,1,1) (S,23,1,10) (S,39,10,23) (S,15,23,23) (S,30,23,20) (S,33,20,24) (S,10,24,17) (D,0,1,1) 
0 1  5  6  146  8 (D,0,1,1) (S,17,1,22) (S,14,22,22) (S,32,22,24) (S,16,24,24) (S,34,24,5) (S,9,5,16) (D,0,1,1) 
0 1  6  7  126  9 (D,0,1,1) (S,28,1,10) (S,35,10,15) (S,38,15,13) (S,29,13,17) (S,6,17,12) (S,11,12,18) (S,7,18,14) (D,0,1,1) 
0 1  7  5  140  7 (D,0,1,1) (S,25,1,11) (S,31,11,18) (S,4,18,8) (S,40,8,8) (S,3,8,6) (D,0,1,1) 
