1071
9
911
911
0 1  1  8  104 10 (D,0,1,1) (S,3,1,5) (S,30,5,8) (S,5,8,8) (S,53,8,13) (S,9,13,12) (S,39,12,8) (S,50,8,16) (S,42,16,11) (D,0,1,1) 
0 1  2  4   94  6 (D,0,1,1) (S,51,1,9) (S,6,9,9) (S,11,9,15) (S,7,15,10) (D,0,1,1) 
0 1  3 10  129 12 (D,0,1,1) (S,43,1,3) (S,1,3,3) (S,56,3,2) (S,24,2,2) (S,35,2,19) (S,13,19,18) (S,55,18,15) (S,25,15,15) (S,12,15,17) (S,16,17,22) (D,0,1,1) 
0 1  4  5  128  7 (D,0,1,1) (S,34,1,9) (S,10,9,14) (S,52,14,13) (S,46,13,11) (S,8,11,11) (D,0,1,1) 
0 1  5  8  101 10 (D,0,1,1) (S,4,1,7) (S,2,7,4) (S,49,4,6) (S,57,6,7) (S,61,7,7) (S,27,7,6) (S,54,6,11) (S,38,11,13) (D,0,1,1) 
0 1  6 10  130 12 (D,0,1,1) (S,28,1,22) (S,48,22,30) (S,22,30,30) (S,62,30,29) (S,21,29,29) (S,47,29,21) (S,15,21,21) (S,40,21,29) (S,29,29,25) (S,44,25,28) (D,0,1,1) 
0 1  7  8  138 10 (D,0,1,1) (S,33,1,18) (S,60,18,21) (S,37,21,24) (S,18,24,24) (S,14,24,20) (S,63,20,12) (S,45,12,12) (S,23,12,21) (D,0,1,1) 
0 1  8  8  175 10 (D,0,1,1) (S,26,1,17) (S,41,17,29) (S,36,29,28) (S,58,28,21) (S,31,21,27) (S,20,27,27) (S,17,27,23) (S,19,23,26) (D,0,1,1) 
0 1  9  2   72  4 (D,0,1,1) (S,59,1,22) (S,32,22,30) (D,0,1,1) 
