23014
9
850
850
0 1  1  7 2412  9 (D,0,1,1) (S,28,1,2) (S,1,2,2) (S,2,2,3) (S,29,3,4) (S,3,4,4) (S,4,4,5) (S,47,5,22) (D,0,1,1) 
0 1  2  8 2345 10 (D,0,1,1) (S,7,1,8) (S,33,8,7) (S,6,7,7) (S,32,7,13) (S,9,13,13) (S,10,13,14) (S,43,14,15) (S,46,15,17) (D,0,1,1) 
0 1  3  8 3012 10 (D,0,1,1) (S,31,1,1) (S,34,1,8) (S,42,8,14) (S,11,14,15) (S,45,15,10) (S,36,10,4) (S,38,4,5) (S,17,5,23) (D,0,1,1) 
0 1  4  7 2778  9 (D,0,1,1) (S,35,1,14) (S,51,14,28) (S,21,28,28) (S,62,28,30) (S,22,30,30) (S,23,30,31) (S,18,31,24) (D,0,1,1) 
0 1  5  8 2482 10 (D,0,1,1) (S,44,1,20) (S,27,20,29) (S,64,29,31) (S,65,31,32) (S,19,32,25) (S,59,25,24) (S,58,24,23) (S,55,23,22) (D,0,1,1) 
0 1  6 10 2986 12 (D,0,1,1) (S,40,1,12) (S,8,12,12) (S,41,12,11) (S,39,11,10) (S,37,10,16) (S,12,16,17) (S,13,17,18) (S,24,18,18) (S,56,18,26) (S,14,26,19) (D,0,1,1) 
0 1  7  6 3000  8 (D,0,1,1) (S,5,1,6) (S,30,6,12) (S,49,12,25) (S,57,25,17) (S,48,17,12) (S,16,12,22) (D,0,1,1) 
0 1  8  8 2569 10 (D,0,1,1) (S,50,1,19) (S,20,19,27) (S,25,27,27) (S,26,27,28) (S,63,28,26) (S,61,26,31) (S,54,31,29) (S,60,29,22) (D,0,1,1) 
0 1  9  3 1430  5 (D,0,1,1) (S,15,1,21) (S,52,21,20) (S,53,20,23) (D,0,1,1) 
