47008
7
338375
338375
0 1  1 26 5584 28 (D,0,485,485) (S,210,485,261) (S,106,261,106) (S,240,106,299) (S,216,299,268) (S,19,268,19) (S,107,19,107) (S,239,107,165) (S,148,165,166) (S,11,166,11) (S,5,11,5) (S,73,5,73) (S,82,73,82) (S,58,82,58) (S,63,58,63) (S,16,63,16) (S,118,16,118) (S,38,118,38) (S,79,38,79) (S,89,79,89) (S,96,89,96) (S,18,96,18) (S,100,18,100) (S,46,100,46) (S,93,46,93) (S,35,93,35) (S,4,35,4) (D,0,485,485) 
0 1  2 47 6968 49 (D,0,485,485) (S,7,485,7) (S,80,7,80) (S,62,80,62) (S,112,62,112) (S,90,112,90) (S,81,90,81) (S,51,81,51) (S,88,51,88) (S,71,88,71) (S,177,71,201) (S,108,201,108) (S,170,108,202) (S,172,202,205) (S,167,205,197) (S,200,197,197) (S,45,197,45) (S,149,45,168) (S,86,168,86) (S,192,86,45) (S,151,45,108) (S,132,108,140) (S,124,140,9) (S,9,9,9) (S,25,9,25) (S,26,25,26) (S,178,26,214) (S,234,214,255) (S,207,255,256) (S,217,256,270) (S,203,270,137) (S,131,137,138) (S,14,138,14) (S,162,14,189) (S,33,189,33) (S,69,33,69) (S,129,69,135) (S,175,135,209) (S,163,209,191) (S,67,191,67) (S,138,67,150) (S,39,150,39) (S,20,39,20) (S,223,20,277) (S,29,277,29) (S,231,29,287) (S,54,287,54) (S,84,54,84) (D,0,485,485) 
0 1  3 33 5725 35 (D,0,485,485) (S,164,485,193) (S,166,193,196) (S,155,196,178) (S,137,178,148) (S,165,148,194) (S,135,194,145) (S,205,145,252) (S,128,252,133) (S,136,133,146) (S,157,146,182) (S,109,182,109) (S,187,109,228) (S,134,228,121) (S,121,121,122) (S,91,122,91) (S,99,91,99) (S,97,99,97) (S,102,97,102) (S,103,102,103) (S,220,103,273) (S,127,273,131) (S,12,131,12) (S,59,12,59) (S,204,59,150) (S,143,150,149) (S,111,149,111) (S,202,111,248) (S,221,248,274) (S,193,274,236) (S,85,236,85) (S,22,85,22) (S,56,22,56) (S,10,56,10) (D,0,485,485) 
0 1  4 48 7820 50 (D,0,485,485) (S,173,485,35) (S,160,35,186) (S,50,186,50) (S,152,50,173) (S,104,173,104) (S,120,104,120) (S,206,120,254) (S,233,254,290) (S,225,290,280) (S,196,280,179) (S,201,179,246) (S,156,246,180) (S,105,180,105) (S,213,105,264) (S,3,264,3) (S,188,3,230) (S,61,230,61) (S,174,61,207) (S,60,207,60) (S,41,60,41) (S,30,41,30) (S,48,30,48) (S,47,48,47) (S,141,47,154) (S,115,154,115) (S,190,115,154) (S,114,154,114) (S,119,114,119) (S,183,119,221) (S,117,221,117) (S,219,117,141) (S,154,141,177) (S,133,177,142) (S,230,142,285) (S,8,285,8) (S,235,8,292) (S,57,292,57) (S,32,57,32) (S,194,32,237) (S,195,237,239) (S,113,239,113) (S,185,113,113) (S,224,113,224) (S,52,224,52) (S,70,52,70) (S,21,70,21) (S,125,21,123) (S,76,123,76) (D,0,485,485) 
0 1  5 42 7672 44 (D,0,485,485) (S,212,485,263) (S,236,263,293) (S,53,293,53) (S,101,53,101) (S,64,101,64) (S,34,64,34) (S,2,34,2) (S,72,2,72) (S,209,72,78) (S,78,78,78) (S,6,78,6) (S,13,6,13) (S,179,13,125) (S,123,125,126) (S,227,126,283) (S,44,283,44) (S,180,44,176) (S,77,176,77) (S,140,77,152) (S,159,152,152) (S,144,152,159) (S,75,159,75) (S,68,75,68) (S,191,68,233) (S,182,233,219) (S,218,219,219) (S,168,219,198) (S,15,198,15) (S,28,15,28) (S,189,28,232) (S,126,232,129) (S,130,129,136) (S,31,136,31) (S,146,31,162) (S,211,162,229) (S,116,229,116) (S,23,116,23) (S,40,23,40) (S,237,40,295) (S,87,295,87) (S,55,87,55) (S,197,55,242) (D,0,485,485) 
0 1  6 24 5955 26 (D,0,485,485) (S,176,485,211) (S,65,211,65) (S,98,65,98) (S,150,98,170) (S,198,170,244) (S,49,244,49) (S,169,49,200) (S,228,200,49) (S,42,49,42) (S,161,42,187) (S,238,187,297) (S,122,297,124) (S,74,124,74) (S,222,74,275) (S,66,275,66) (S,1,66,1) (S,95,1,95) (S,24,95,24) (S,83,24,83) (S,226,83,281) (S,171,281,204) (S,94,204,94) (S,36,94,36) (S,142,36,156) (D,0,485,485) 
0 1  7 20 7284 22 (D,0,485,485) (S,199,485,210) (S,186,210,226) (S,214,226,204) (S,43,204,43) (S,110,43,110) (S,37,110,37) (S,215,37,266) (S,27,266,27) (S,158,27,142) (S,139,142,152) (S,229,152,175) (S,153,175,175) (S,181,175,217) (S,184,217,223) (S,232,223,288) (S,208,288,258) (S,92,258,92) (S,145,92,8) (S,17,8,17) (S,147,17,164) (D,0,485,485) 
