979
9
1365
1365
0 1  1 12   83 14 (D,0,1,1) (S,1,1,2) (S,4,2,6) (S,65,6,12) (S,8,12,12) (S,62,12,6) (S,76,6,3) (S,2,3,3) (S,3,3,4) (S,85,4,3) (S,5,3,7) (S,39,7,13) (S,9,13,13) (D,0,1,1) 
0 1  2 11   96 13 (D,0,1,1) (S,83,1,1) (S,52,1,2) (S,61,2,8) (S,6,8,8) (S,50,8,8) (S,70,8,10) (S,59,10,9) (S,53,9,9) (S,84,9,40) (S,49,40,1) (S,19,1,36) (D,0,1,1) 
0 1  3 11  104 13 (D,0,1,1) (S,75,1,11) (S,7,11,11) (S,45,11,40) (S,29,40,6) (S,74,6,11) (S,71,11,15) (S,10,15,15) (S,47,15,9) (S,37,9,35) (S,81,35,37) (S,54,37,37) (D,0,1,1) 
0 1  4  9  118 11 (D,0,1,1) (S,67,1,1) (S,31,1,16) (S,69,16,10) (S,36,10,33) (S,46,33,35) (S,38,35,10) (S,56,10,34) (S,43,34,26) (S,63,26,28) (D,0,1,1) 
0 1  5  7  104  9 (D,0,1,1) (S,57,1,28) (S,17,28,28) (S,24,28,34) (S,30,34,34) (S,16,34,26) (S,34,26,27) (S,21,27,7) (D,0,1,1) 
0 1  6 12  121 14 (D,0,1,1) (S,23,1,36) (S,82,36,38) (S,72,38,36) (S,73,36,30) (S,79,30,37) (S,55,37,39) (S,42,39,4) (S,41,4,3) (S,11,3,18) (S,80,18,13) (S,68,13,21) (S,13,21,21) (D,0,1,1) 
0 1  7 10   95 12 (D,0,1,1) (S,32,1,17) (S,58,17,13) (S,20,13,22) (S,48,22,24) (S,15,24,24) (S,25,24,25) (S,28,25,25) (S,44,25,22) (S,12,22,20) (S,35,20,23) (D,0,1,1) 
0 1  8  8  109 10 (D,0,1,1) (S,18,1,29) (S,66,29,31) (S,60,31,30) (S,22,30,38) (S,77,38,5) (S,51,5,39) (S,64,39,31) (S,78,31,38) (D,0,1,1) 
0 1  9  5  149  7 (D,0,1,1) (S,26,1,19) (S,14,19,23) (S,33,23,39) (S,27,39,15) (S,40,15,35) (D,0,1,1) 
