529
6
1716
1716
0 1  1  5   27  7 (D,0,1,1) (S,23,1,12) (S,6,12,12) (S,27,12,6) (S,7,6,7) (S,26,7,6) (D,0,1,1) 
0 1  2  5   85  7 (D,0,1,1) (S,21,1,7) (S,15,7,12) (S,20,12,4) (S,1,4,4) (S,4,4,2) (D,0,1,1) 
0 1  3  5   69  7 (D,0,1,1) (S,14,1,8) (S,28,8,10) (S,3,10,10) (S,16,10,11) (S,5,11,11) (D,0,1,1) 
0 1  4  5  109  7 (D,0,1,1) (S,19,1,2) (S,29,2,11) (S,18,11,11) (S,17,11,10) (S,10,10,9) (D,0,1,1) 
0 1  5  5   83  7 (D,0,1,1) (S,9,1,4) (S,8,4,3) (S,2,3,3) (S,25,3,3) (S,11,3,6) (D,0,1,1) 
0 1  6  4  156  6 (D,0,1,1) (S,13,1,12) (S,22,12,10) (S,12,10,11) (S,24,11,4) (D,0,1,1) 
