673
8
699
699
0 1  1  4   63  6 (D,0,1,1) (S,41,1,19) (S,13,19,19) (S,35,19,9) (S,24,9,9) (D,0,1,1) 
0 1  2  8   95 10 (D,0,1,1) (S,3,1,5) (S,1,5,2) (S,40,2,4) (S,2,4,4) (S,42,4,4) (S,19,4,4) (S,17,4,5) (S,39,5,17) (D,0,1,1) 
0 1  3  5   61  7 (D,0,1,1) (S,29,1,9) (S,23,9,10) (S,6,10,10) (S,18,10,5) (S,34,5,19) (D,0,1,1) 
0 1  4  7   85  9 (D,0,1,1) (S,14,1,20) (S,15,20,21) (S,38,21,21) (S,33,21,24) (S,16,24,23) (S,25,23,23) (S,44,23,21) (D,0,1,1) 
0 1  5  5   98  7 (D,0,1,1) (S,31,1,21) (S,21,21,23) (S,27,23,20) (S,20,20,20) (S,8,20,12) (D,0,1,1) 
0 1  6  2   74  4 (D,0,1,1) (S,7,1,11) (S,4,11,6) (D,0,1,1) 
0 1  7  6   85  8 (D,0,1,1) (S,28,1,1) (S,30,1,7) (S,5,7,7) (S,26,7,14) (S,12,14,18) (S,11,18,17) (D,0,1,1) 
0 1  8  7  112  9 (D,0,1,1) (S,43,1,17) (S,36,17,16) (S,32,16,12) (S,37,12,15) (S,22,15,16) (S,9,16,13) (S,10,13,14) (D,0,1,1) 
