1139
9
2089
2089
0 1  1  5  108  7 (D,0,1,1) (S,30,1,8) (S,6,8,8) (S,60,8,8) (S,53,8,16) (S,11,16,16) (D,0,1,1) 
0 1  2  8  112 10 (D,0,1,1) (S,34,1,5) (S,1,5,2) (S,2,2,3) (S,62,3,9) (S,7,9,9) (S,47,9,15) (S,43,15,10) (S,10,10,15) (D,0,1,1) 
0 1  3 12  110 14 (D,0,1,1) (S,59,1,14) (S,9,14,14) (S,12,14,17) (S,42,17,14) (S,24,14,22) (S,16,22,22) (S,19,22,25) (S,23,25,30) (S,70,30,29) (S,22,29,29) (S,68,29,22) (S,66,22,29) (D,0,1,1) 
0 1  4  7  127  9 (D,0,1,1) (S,25,1,10) (S,72,10,9) (S,27,9,19) (S,13,19,18) (S,37,18,18) (S,36,18,19) (S,41,19,12) (D,0,1,1) 
0 1  5 10  136 12 (D,0,1,1) (S,32,1,15) (S,44,15,8) (S,52,8,13) (S,8,13,12) (S,29,12,13) (S,63,13,11) (S,40,11,11) (S,45,11,16) (S,31,16,20) (S,14,20,20) (D,0,1,1) 
0 1  6  9  140 11 (D,0,1,1) (S,38,1,15) (S,5,15,7) (S,46,7,4) (S,3,4,4) (S,69,4,6) (S,4,6,6) (S,51,6,12) (S,26,12,17) (S,61,17,21) (D,0,1,1) 
0 1  7  9  149 11 (D,0,1,1) (S,57,1,5) (S,65,5,11) (S,58,11,21) (S,15,21,21) (S,18,21,24) (S,49,24,16) (S,71,16,29) (S,50,29,29) (S,54,29,30) (D,0,1,1) 
0 1  8  9  152 11 (D,0,1,1) (S,56,1,28) (S,21,28,28) (S,33,28,27) (S,20,27,27) (S,35,27,24) (S,55,24,20) (S,28,20,28) (S,67,28,23) (S,17,23,23) (D,0,1,1) 
0 1  9  3  105  5 (D,0,1,1) (S,48,1,18) (S,64,18,18) (S,39,18,30) (D,0,1,1) 
