1215
9
1307
1307
0 1  1  9  135 11 (D,0,1,1) (S,5,1,6) (S,57,6,7) (S,6,7,7) (S,11,7,13) (S,10,13,12) (S,55,12,7) (S,66,7,18) (S,15,18,18) (S,17,18,20) (D,0,1,1) 
0 1  2 14  134 16 (D,0,1,1) (S,45,1,7) (S,37,7,13) (S,12,13,14) (S,13,14,15) (S,47,15,20) (S,21,20,26) (S,62,26,20) (S,72,20,26) (S,22,26,27) (S,32,27,31) (S,43,31,33) (S,25,33,34) (S,44,34,32) (S,76,32,31) (D,0,1,1) 
0 1  3 10  129 12 (D,0,1,1) (S,65,1,18) (S,24,18,29) (S,68,29,25) (S,20,25,25) (S,16,25,19) (S,54,19,29) (S,35,29,31) (S,64,31,27) (S,18,27,21) (S,52,21,15) (D,0,1,1) 
0 1  4 10  162 12 (D,0,1,1) (S,73,1,6) (S,75,6,6) (S,59,6,18) (S,70,18,25) (S,31,25,25) (S,67,25,18) (S,48,18,21) (S,29,21,22) (S,30,22,28) (S,23,28,28) (D,0,1,1) 
0 1  5 10  136 12 (D,0,1,1) (S,1,1,2) (S,56,2,8) (S,7,8,8) (S,26,8,14) (S,28,14,27) (S,51,27,32) (S,63,32,28) (S,79,28,24) (S,19,24,24) (S,42,24,23) (D,0,1,1) 
0 1  6 10  162 12 (D,0,1,1) (S,38,1,13) (S,61,13,15) (S,40,15,10) (S,8,10,10) (S,78,10,23) (S,50,23,28) (S,27,28,34) (S,69,34,27) (S,39,27,33) (S,14,33,17) (D,0,1,1) 
0 1  7  7  139  9 (D,0,1,1) (S,34,1,26) (S,71,26,11) (S,9,11,11) (S,4,11,5) (S,53,5,5) (S,74,5,4) (S,3,4,4) (D,0,1,1) 
0 1  8  8  160 10 (D,0,1,1) (S,41,1,16) (S,2,16,3) (S,77,3,3) (S,58,3,15) (S,33,15,24) (S,60,24,24) (S,46,24,34) (S,49,34,11) (D,0,1,1) 
0 1  9  1   58  3 (D,0,1,1) (S,36,1,17) (D,0,1,1) 
