23445
24
14541
14541
0 1  1  9  821 11 (D,0,1,1) (S,92,1,116) (S,19,116,116) (S,167,116,1) (S,93,1,117) (S,94,117,117) (S,169,117,2) (S,95,2,119) (S,25,119,119) (S,79,119,98) (D,0,1,1) 
0 1  2  9  714 11 (D,0,1,1) (S,168,1,116) (S,170,116,117) (S,171,117,114) (S,166,114,113) (S,165,113,112) (S,91,112,114) (S,90,114,113) (S,163,113,110) (S,151,110,86) (D,0,1,1) 
0 1  3  7  854  9 (D,0,1,1) (S,96,1,118) (S,10,118,122) (S,7,122,86) (S,76,86,87) (S,150,87,85) (S,149,85,84) (S,154,84,97) (D,0,1,1) 
0 1  4 10  498 12 (D,0,1,1) (S,164,1,107) (S,1,107,110) (S,162,110,110) (S,87,110,111) (S,88,111,112) (S,161,112,107) (S,86,107,110) (S,89,110,112) (S,84,112,108) (S,159,108,107) (D,0,1,1) 
0 1  5  9  849 11 (D,0,1,1) (S,158,1,106) (S,157,106,105) (S,156,105,104) (S,82,104,106) (S,81,106,105) (S,155,105,102) (S,80,102,104) (S,83,104,107) (S,58,107,64) (D,0,1,1) 
0 1  6  4  860  6 (D,0,1,1) (S,85,1,109) (S,61,109,67) (S,64,67,71) (S,139,71,69) (D,0,1,1) 
0 1  7  6  609  8 (D,0,1,1) (S,97,1,126) (S,172,126,124) (S,98,124,130) (S,8,130,130) (S,173,130,126) (S,18,126,133) (D,0,1,1) 
0 1  8 10  835 12 (D,0,1,1) (S,75,1,86) (S,74,86,85) (S,148,85,82) (S,11,82,83) (S,73,83,84) (S,147,84,80) (S,146,80,79) (S,72,79,82) (S,16,82,92) (S,126,92,43) (D,0,1,1) 
0 1  9  8  971 10 (D,0,1,1) (S,20,1,129) (S,4,129,135) (S,71,135,80) (S,145,80,78) (S,70,78,79) (S,144,79,77) (S,69,77,78) (S,51,78,46) (D,0,1,1) 
0 1 10  6  695  8 (D,0,1,1) (S,135,1,62) (S,14,62,62) (S,132,62,62) (S,57,62,63) (S,60,63,66) (S,6,66,67) (D,0,1,1) 
0 1 11 10  879 12 (D,0,1,1) (S,137,1,67) (S,138,67,67) (S,63,67,69) (S,62,69,68) (S,136,68,66) (S,65,66,72) (S,140,72,71) (S,66,71,73) (S,141,73,72) (S,142,72,44) (D,0,1,1) 
0 1 12  7  889  9 (D,0,1,1) (S,143,1,46) (S,48,46,44) (S,124,44,44) (S,125,44,34) (S,50,34,45) (S,42,45,139) (S,5,139,33) (D,0,1,1) 
0 1 13  6 1023  8 (D,0,1,1) (S,160,1,108) (S,59,108,65) (S,134,65,64) (S,133,64,63) (S,131,63,55) (S,56,55,56) (D,0,1,1) 
0 1 14  7  864  9 (D,0,1,1) (S,68,1,77) (S,122,77,37) (S,47,37,43) (S,23,43,47) (S,118,47,36) (S,43,36,37) (S,44,37,38) (D,0,1,1) 
0 1 15 11 1083 13 (D,0,1,1) (S,13,1,95) (S,78,95,97) (S,153,97,96) (S,152,96,95) (S,77,95,96) (S,130,96,54) (S,99,54,140) (S,174,140,55) (S,55,55,55) (S,129,55,49) (S,128,49,48) (D,0,1,1) 
0 1 16  7 1193  9 (D,0,1,1) (S,2,1,75) (S,67,75,73) (S,49,73,45) (S,123,45,43) (S,45,43,39) (S,120,39,38) (S,17,38,48) (D,0,1,1) 
0 1 17  8 1328 10 (D,0,1,1) (S,22,1,60) (S,54,60,140) (S,53,140,49) (S,117,49,34) (S,127,34,33) (S,52,33,139) (S,31,139,13) (S,15,13,28) (D,0,1,1) 
0 1 18  7 1252  9 (D,0,1,1) (S,119,1,36) (S,46,36,40) (S,121,40,39) (S,116,39,11) (S,41,11,33) (S,30,33,12) (S,106,12,12) (D,0,1,1) 
0 1 19  6 1171  8 (D,0,1,1) (S,104,1,8) (S,102,8,6) (S,28,6,9) (S,21,9,9) (S,103,9,8) (S,37,8,28) (D,0,1,1) 
0 1 20  7 1056  9 (D,0,1,1) (S,100,1,27) (S,39,27,30) (S,12,30,30) (S,114,30,28) (S,40,28,32) (S,115,32,30) (S,38,30,29) (D,0,1,1) 
0 1 21  8 1247 10 (D,0,1,1) (S,105,1,11) (S,32,11,14) (S,107,14,13) (S,34,13,24) (S,36,24,27) (S,112,27,27) (S,113,27,28) (S,111,28,25) (D,0,1,1) 
0 1 22  5 1399  7 (D,0,1,1) (S,175,1,11) (S,29,11,11) (S,27,11,8) (S,101,8,5) (S,33,5,22) (D,0,1,1) 
0 1 23  6 1361  8 (D,0,1,1) (S,110,1,24) (S,35,24,25) (S,109,25,20) (S,108,20,20) (S,9,20,21) (S,24,21,7) (D,0,1,1) 
0 1 24  2  994  4 (D,0,1,1) (S,3,1,5) (S,26,5,6) (D,0,1,1) 
