27074
27
3795
3795
0 1  1 11  815 13 (D,0,1,1) (S,16,1,2) (S,10,2,3) (S,109,3,2) (S,22,2,3) (S,23,3,4) (S,110,4,2) (S,24,2,5) (S,113,5,5) (S,26,5,7) (S,74,7,52) (S,161,52,50) (D,0,1,1) 
0 1  2  7  626  9 (D,0,1,1) (S,108,1,1) (S,21,1,2) (S,95,2,69) (S,20,69,69) (S,181,69,59) (S,94,59,69) (S,66,69,45) (D,0,1,1) 
0 1  3  9  872 11 (D,0,1,1) (S,25,1,6) (S,112,6,5) (S,27,5,8) (S,114,8,7) (S,111,7,4) (S,180,4,58) (S,8,58,58) (S,68,58,46) (S,193,46,21) (D,0,1,1) 
0 1  4  6  874  8 (D,0,1,1) (S,182,1,4) (S,28,4,9) (S,29,9,10) (S,13,10,10) (S,30,10,12) (S,106,12,51) (D,0,1,1) 
0 1  5 11  784 13 (D,0,1,1) (S,170,1,58) (S,194,58,44) (S,9,44,45) (S,69,45,47) (S,73,47,51) (S,41,51,22) (S,78,22,53) (S,163,53,52) (S,159,52,49) (S,72,49,50) (S,77,50,54) (D,0,1,1) 
0 1  6  8  954 10 (D,0,1,1) (S,171,1,11) (S,116,11,9) (S,115,9,8) (S,31,8,16) (S,119,16,13) (S,120,13,13) (S,33,13,14) (S,190,14,20) (D,0,1,1) 
0 1  7  7  911  9 (D,0,1,1) (S,93,1,69) (S,85,69,60) (S,91,60,66) (S,178,66,62) (S,92,62,68) (S,6,68,68) (S,1,68,63) (D,0,1,1) 
0 1  8  7  828  9 (D,0,1,1) (S,83,1,59) (S,169,59,57) (S,11,57,57) (S,168,57,42) (S,18,42,42) (S,81,42,57) (S,149,57,39) (D,0,1,1) 
0 1  9  4  954  6 (D,0,1,1) (S,107,1,59) (S,152,59,43) (S,82,43,58) (S,167,58,55) (D,0,1,1) 
0 1 10 13  989 15 (D,0,1,1) (S,67,1,46) (S,154,46,45) (S,155,45,44) (S,153,44,44) (S,71,44,49) (S,166,49,19) (S,79,19,50) (S,76,50,53) (S,162,53,51) (S,127,51,19) (S,103,19,76) (S,3,76,18) (S,164,18,52) (D,0,1,1) 
0 1 11  6  872  8 (D,0,1,1) (S,84,1,59) (S,87,59,62) (S,174,62,60) (S,88,60,63) (S,2,63,64) (S,176,64,63) (D,0,1,1) 
0 1 12  7 1005  9 (D,0,1,1) (S,86,1,61) (S,173,61,60) (S,172,60,58) (S,90,58,65) (S,177,65,63) (S,89,63,64) (S,12,64,55) (D,0,1,1) 
0 1 13 13 1223 15 (D,0,1,1) (S,70,1,48) (S,157,48,47) (S,158,47,47) (S,75,47,53) (S,160,53,49) (S,156,49,46) (S,165,46,24) (S,130,24,22) (S,44,22,25) (S,17,25,25) (S,19,25,75) (S,43,75,24) (S,99,24,73) (D,0,1,1) 
0 1 14  7  953  9 (D,0,1,1) (S,117,1,11) (S,105,11,77) (S,121,77,13) (S,192,13,76) (S,125,76,19) (S,126,19,18) (S,39,18,20) (D,0,1,1) 
0 1 15  7 1013  9 (D,0,1,1) (S,65,1,44) (S,42,44,75) (S,132,75,25) (S,189,25,23) (S,15,23,23) (S,49,23,28) (S,134,28,23) (D,0,1,1) 
0 1 16 12 1519 14 (D,0,1,1) (S,175,1,62) (S,179,62,66) (S,80,66,56) (S,151,56,35) (S,62,35,40) (S,148,40,37) (S,4,37,37) (S,7,37,38) (S,147,38,37) (S,60,37,38) (S,61,38,39) (S,184,39,71) (D,0,1,1) 
0 1 17  6 1085  8 (D,0,1,1) (S,128,1,21) (S,40,21,21) (S,38,21,20) (S,101,20,72) (S,186,72,72) (S,185,72,71) (D,0,1,1) 
0 1 18  7 1036  9 (D,0,1,1) (S,118,1,12) (S,37,12,19) (S,124,19,18) (S,123,18,15) (S,191,15,15) (S,104,15,77) (S,34,77,77) (D,0,1,1) 
0 1 19  9 1167 11 (D,0,1,1) (S,32,1,16) (S,36,16,18) (S,35,18,17) (S,14,17,17) (S,122,17,15) (S,100,15,74) (S,187,74,73) (S,98,73,73) (S,97,73,72) (D,0,1,1) 
0 1 20 10 1089 12 (D,0,1,1) (S,129,1,22) (S,45,22,75) (S,51,75,29) (S,137,29,28) (S,138,28,25) (S,48,25,27) (S,135,27,26) (S,102,26,75) (S,46,75,26) (S,47,26,26) (D,0,1,1) 
0 1 21  7 1193  9 (D,0,1,1) (S,131,1,24) (S,133,24,25) (S,53,25,31) (S,139,31,30) (S,54,30,32) (S,58,32,36) (S,150,36,35) (D,0,1,1) 
0 1 22  4 1000  6 (D,0,1,1) (S,64,1,41) (S,63,41,39) (S,144,39,32) (S,59,32,37) (D,0,1,1) 
0 1 23  6 1124  8 (D,0,1,1) (S,146,1,33) (S,5,33,36) (S,145,36,33) (S,142,33,32) (S,55,32,33) (S,52,33,31) (D,0,1,1) 
0 1 24  4 1080  6 (D,0,1,1) (S,50,1,29) (S,136,29,26) (S,140,26,23) (S,57,23,35) (D,0,1,1) 
0 1 25  2 1150  4 (D,0,1,1) (S,188,1,18) (S,183,18,70) (D,0,1,1) 
0 1 26  3 1084  5 (D,0,1,1) (S,56,1,34) (S,143,34,32) (S,141,32,31) (D,0,1,1) 
0 1 27  1  874  3 (D,0,1,1) (S,96,1,71) (D,0,1,1) 
