860
8
647
647
0 1  1  7   93  9 (D,0,1,1) (S,19,1,2) (S,1,2,2) (S,3,2,4) (S,2,4,3) (S,24,3,4) (S,43,4,1) (S,11,1,15) (D,0,1,1) 
0 1  2  6   78  8 (D,0,1,1) (S,31,1,3) (S,8,3,9) (S,28,9,3) (S,21,3,10) (S,34,10,20) (S,15,20,21) (D,0,1,1) 
0 1  3  7  103  9 (D,0,1,1) (S,4,1,5) (S,30,5,11) (S,41,11,21) (S,27,21,15) (S,39,15,5) (S,44,5,10) (S,29,10,11) (D,0,1,1) 
0 1  4  5  125  7 (D,0,1,1) (S,38,1,9) (S,37,9,20) (S,14,20,20) (S,22,20,15) (S,10,15,14) (D,0,1,1) 
0 1  5  4  114  6 (D,0,1,1) (S,20,1,22) (S,16,22,22) (S,17,22,23) (S,18,23,24) (D,0,1,1) 
0 1  6  8  141 10 (D,0,1,1) (S,25,1,21) (S,40,21,21) (S,12,21,16) (S,35,16,13) (S,42,13,17) (S,32,17,15) (S,13,15,18) (S,6,18,7) (D,0,1,1) 
0 1  7  4  100  6 (D,0,1,1) (S,36,1,12) (S,9,12,12) (S,23,12,18) (S,33,18,13) (D,0,1,1) 
0 1  8  3  106  5 (D,0,1,1) (S,26,1,6) (S,5,6,6) (S,7,6,8) (D,0,1,1) 
