313
7
1127
1127
0 1  1  6   37  8 (D,0,1,1) (S,2,1,3) (S,3,3,4) (S,1,4,2) (S,39,2,5) (S,4,5,5) (S,5,5,6) (D,0,1,1) 
0 1  2  6   42  8 (D,0,1,1) (S,14,1,4) (S,27,4,4) (S,28,4,6) (S,10,6,12) (S,11,12,13) (S,29,13,14) (D,0,1,1) 
0 1  3  6   41  8 (D,0,1,1) (S,23,1,10) (S,33,10,23) (S,36,23,24) (S,30,24,20) (S,37,20,20) (S,21,20,24) (D,0,1,1) 
0 1  4  8   47 10 (D,0,1,1) (S,22,1,20) (S,20,20,11) (S,9,11,11) (S,25,11,16) (S,13,16,16) (S,35,16,15) (S,38,15,12) (S,31,12,18) (D,0,1,1) 
0 1  5  5   48  7 (D,0,1,1) (S,18,1,7) (S,6,7,7) (S,7,7,8) (S,40,8,7) (S,34,7,17) (D,0,1,1) 
0 1  6  5   46  7 (D,0,1,1) (S,8,1,9) (S,32,9,20) (S,26,20,19) (S,15,19,19) (S,19,19,23) (D,0,1,1) 
0 1  7  4   52  6 (D,0,1,1) (S,16,1,15) (S,17,15,21) (S,24,21,17) (S,12,17,14) (D,0,1,1) 
